-83.94241333007812,10.149789117643156 
-83.93494606018066,10.169558575560794 
-83.92533302307129,10.19169215763689 
-83.90567779541016,10.204870201844484 
-83.89872550964355,10.213063967098934 
-83.8945198059082,10.218005465753876 
-83.89078617095947,10.223580397652052 
-83.88619422912598,10.230168827399522 
-83.8835334777832,10.234096480089297 
-83.88065814971924,10.238826491925261 
-83.87731075286865,10.24435882698753 
-83.8754653930664,10.247695073989847 
-83.87168884277344,10.259815068097282 
-83.86765480041504,10.273116966472978 
-83.8637924194336,10.279704366102273 
-83.85941505432127,10.286882786218456 
-83.85568141937256,10.293469898711791 
-83.84898662567139,10.307403721850745 
-83.84937286376953,10.314750398705492 
-83.85061740875244,10.33666274364764 
-83.85512351989745,10.361444228168274 
-83.85559558868408,10.363892718290579 
-83.86598110198973,10.377570138557239 
-83.87027263641356,10.383057824334552 
-83.87958526611328,10.409312956578782 
-83.87705326080322,10.423790324040585 
-83.85851383209229,10.450717281055004 
-83.84280681610107,10.450632874175204 
-83.83147716522217,10.458187199062754 
-83.83473873138426,10.470045852164397 
-83.82722854614258,10.490681358969072 
-83.83345127105713,10.515661562362245 
-83.84671211242676,10.5454916900492 
-83.84636878967285,10.565278398117952 
-83.83358001708984,10.594513140740675 
-83.8422918319702,10.60548072313958 
-83.84542465209961,10.613959238605512 
-83.84323596954346,10.64462334761773 
-83.83585453033447,10.660523604343918 
-83.82134914398193,10.659722285010071 
-83.8133668899536,10.672332276144683 
-83.80242347717285,10.685068258044964 
-83.7912654876709,10.68565865485195 
-83.77903461456299,10.688315426276768 
-83.76688957214355,10.699785664504967 
-83.73298645019531,10.698647094069512 
-83.70663642883301,10.69885794076896 
-83.71264457702637,10.712436159382795 
-83.72011184692383,10.71943587284789 
-83.73204231262207,10.728585856558079 
-83.74847888946533,10.743174658779461 
-83.74543190002441,10.752661218538718 
-83.7438440322876,10.76303284920171 
-83.75912189483641,10.770200027738337 
-83.7493371963501,10.778083727152488 
-83.73856544494629,10.782763258561271 
-83.7256908416748,10.78377503956696 
-83.7189531326294,10.789381930948595 
-83.71320247650146,10.789929967354652 
-83.70401859283447,10.78613584867897 
-83.68638038635254,10.789508400977125 
-83.67796897888184,10.793766194222094 
-83.67711067199707,10.795578899772659 
-83.6669397354126,10.809995842783653 
-83.66457939147949,10.820281191684085 
-83.67393493652342,10.847173181422189 
-83.67402076721191,10.858763810808162 
-83.66818428039551,10.876591428067526 
-83.66869926452637,10.888686627803866 
-83.66990089416504,10.891130894242286 
-83.67256164550781,10.892184451174844 
-83.67410659790039,10.891636602035126 
-83.6756944656372,10.892058024539764 
-83.68288278579712,10.8976628871232 
-83.68314027786253,10.898337149194004 
-83.68249654769896,10.898906056627903 
-83.68082284927368,10.899348539435637 
-83.6789345741272,10.900001727139646 
-83.6774754524231,10.901265957331805 
-83.6764669418335,10.903056940907415 
-83.67612361907959,10.905121826234181 
-83.67629528045654,10.906386034664502 
-83.67687463760376,10.907144557142853 
-83.67801189422607,10.90805056756704 
-83.67867708206177,10.908261267270014 
-83.67902040481567,10.90849303677079 
-83.67929935455322,10.909314763544891 
-83.6792778968811,10.909862580132382 
-83.6789345741272,10.91026290700018 
-83.67850542068481,10.910368256086317 
-83.67764711380005,10.910283976820397 
-83.67706775665283,10.910199697530583 
-83.67648839950562,10.910199697530583 
-83.676016330719,10.910347186272078 
-83.67567300796509,10.910726442699858 
-83.67560863494873,10.911253186935665 
-83.6756944656372,10.911822069661792 
-83.676016330719,10.91211704546147 
-83.67633819580078,10.912475229967473 
-83.67687463760376,10.912706996182495 
-83.67721796035765,10.912770205118852 
-83.67758274078369,10.913149458454685 
-83.67775440216064,10.914582188910721 
-83.67814064025879,10.915172134737597 
-83.67841958999634,10.915698871093147 
-83.6789345741272,10.915698871093147 
-83.67977142333984,10.915825287679517 
-83.6802864074707,10.916204537115878 
-83.68077993392944,10.916984103881283 
-83.68150949478148,10.918964615651683 
-83.683762550354,10.924210801083637 
-83.6859941482544,10.928234920652235 
-83.6876893043518,10.932869964569047 
-83.688805103302,10.934745029942 
-83.69277477264404,10.936219792131078 
-83.69717359542847,10.936936102547905 
-83.69723796844482,10.937104645923908 
-83.69781732559204,10.939759191457428 
-83.69494199752808,10.938916481164803 
-83.69157314300537,10.937884157791654 
-83.68560791015625,10.937315325009191 
-83.68412733078002,10.93723105339304 
-83.68363380432129,10.937104645923908 
-83.6838698387146,10.936346199977425 
-83.68288278579712,10.93603018026049 
-83.68183135986327,10.935524548012872 
-83.68075847625732,10.93533493569773 
-83.6799430847168,10.935587752090969 
-83.67932081222534,10.935988044272781 
-83.6788272857666,10.936240860109208 
-83.67730379104614,10.935988044272781 
-83.67653131484985,10.935629888135544 
-83.67515802383423,10.934997846838149 
-83.67455720901489,10.934745029942 
-83.67397785186768,10.934323667969485 
-83.67335557937622,10.933839100961018 
-83.67301225662231,10.933228124039315 
-83.67269039154053,10.932638214093128 
-83.67326974868773,10.931437322363392 
-83.67363452911377,10.931500527312478 
-83.67414951324463,10.931711210378824 
-83.67453575134277,10.931542663937709 
-83.67485761642456,10.93110022907419 
-83.67511510848999,10.93059458842221 
-83.67520093917847,10.930236425772318 
-83.6754584312439,10.929709715207606 
-83.67565155029297,10.928698428302347 
-83.6758017539978,10.928171715007498 
-83.6759305000305,10.92775034369849 
-83.6759305000305,10.927265765953475 
-83.6758017539978,10.926717981462856 
-83.67571592330933,10.926064852479572 
-83.67556571960448,10.925917371542495 
-83.67494344711302,10.926085921178885 
-83.67449283599854,10.926149127267855 
-83.67346286773682,10.9264651575108 
-83.67301225662231,10.9264651575108 
-83.67217540740967,10.926633706836105 
-83.6717677116394,10.926760118767262 
-83.67127418518066,10.927076148359603 
-83.67071628570557,10.927476452026793 
-83.67007255554199,10.92775034369849 
-83.66947174072266,10.928129577903517 
-83.6689567565918,10.92865629127316 
-83.66848468780518,10.929098729781149 
-83.66779804229736,10.929751852087191 
-83.6674976348877,10.930173220553915 
-83.66706848144531,10.930657793550845 
-83.6662745475769,10.930341767773045 
-83.66524457931519,10.929414756882952 
-83.6642575263977,10.928803770849125 
-83.66357088088989,10.928150646456258 
-83.66299152374268,10.92775034369849 
-83.66241216659544,10.92722362872086 
-83.66185426712036,10.926991873834542 
-83.66116762161255,10.926528363518997 
-83.6603307723999,10.92566454690845 
-83.65957975387573,10.925158896994315 
-83.65865707397461,10.92475859020139 
-83.65801334381104,10.924189732251223 
-83.65726232528687,10.923663010955066 
-83.65610361099243,10.922630634503726 
-83.65503072738647,10.92155611642553 
-83.65447282791138,10.921176873822464 
-83.65324974060059,10.920291972531755 
-83.6513614654541,10.918753923537867 
-83.6495590209961,10.916963034536138 
-83.64543914794922,10.913718337550897 
-83.64477396011353,10.91298090147629 
-83.64357233047485,10.911843139371479 
-83.64217758178711,10.910010069041137 
-83.64022493362427,10.908092707519588 
-83.63685607910156,10.903667979895493 
-83.6363410949707,10.902445900664075 
-83.6354613304138,10.901708436629875 
-83.63361597061157,10.898337149194004 
-83.6327576637268,10.897557533536654 
-83.63151311874388,10.895155461644508 
-83.63078355789185,10.894502263303899 
-83.63011837005615,10.892900867759653 
-83.62932443618774,10.892015882316148 
-83.62855195999144,10.890751612834048 
-83.62754344940186,10.889613765710964 
-83.62426042556763,10.883081596276337 
-83.62102031707764,10.877286809991038 
-83.61599922180176,10.866012994050031 
-83.6063003540039,10.844349214541335 
-83.59376907348633,10.816782526521171 
-83.5861301422119,10.8048951906158 
-83.5869026184082,10.803799171399264 
-83.58698844909668,10.802197289962889 
-83.58492851257324,10.794946561869022 
-83.58501434326172,10.790309376589013 
-83.58501434326172,10.786683891001216 
-83.58467102050781,10.781119107169758 
-83.58278274536133,10.77530126857797 
-83.58003616333008,10.761219947619974 
-83.57668876647949,10.742753026982326 
-83.57437133789062,10.734994896872855 
-83.56973648071289,10.71762270958977 
-83.56613159179688,10.704297734926612 
-83.56338500976562,10.696369940375254 
-83.55772018432617,10.677308650493202 
-83.54690551757812,10.649557998861622 
-83.53995323181152,10.631674780465554 
-83.53943824768065,10.629059693694924 
-83.53840827941895,10.627878679423597 
-83.529052734375,10.606029091944162 
-83.52527618408203,10.597086339576748 
-83.52373123168945,10.592614865449026 
-83.52398872375487,10.58890264866872 
-83.52270126342773,10.587552740508883 
-83.51583480834961,10.573125225908102 
-83.51008415222168,10.559962691205238 
-83.50150108337402,10.542664913565497 
-83.49781036376953,10.534057852233092 
-83.49729537963867,10.5341422363547 
-83.48613739013672,10.5120328068538 
-83.48613739013672,10.511020123286196 
-83.48193168640137,10.503171713060452 
-83.48133087158203,10.503002927855007 
-83.46184730529784,10.46578354149347 
-83.43953132629395,10.428981752577076 
-83.41283798217772,10.38778559947326 
-83.4122371673584,10.38778559947326 
-83.40991973876953,10.38331109981507 
-83.40940475463867,10.383479950021448 
-83.38803291320801,10.353085445367476 
-83.35790634155272,10.3175370243953 
-83.35593223571776,10.315003729333013 
-83.34065437316895,10.297101196796001 
-83.32391738891602,10.27548168983061 
-83.29911231994629,10.245752453423522 
-83.29087257385254,10.236292565782556 
-83.28752517700195,10.23350522365213 
-83.28726768493652,10.23249163862579 
-83.28623771667479,10.231900379198992 
-83.2818603515625,10.227508131839723 
-83.28091621398926,10.225649855052009 
-83.27842712402344,10.222777951359529 
-83.27533721923828,10.220581772195493 
-83.27465057373047,10.220497303462976 
-83.26915740966797,10.213908673165564 
-83.24933052062988,10.1879751748207 
-83.21619987487792,10.145818181732755 
-83.1961154937744,10.12258299573843 
-83.19457054138184,10.121653553280721 
-83.1939697265625,10.120301632173907 
-83.19242477416992,10.119541174049136 
-83.19165229797363,10.118358235607797 
-83.1899356842041,10.11768226882725 
-83.18478584289551,10.111091518151715 
-83.17568778991699,10.097233601499754 
-83.16564559936523,10.082699047642986 
-83.16384315490723,10.08134696277553 
-83.15508842468262,10.069177943779806 
-83.12899589538574,10.03418945943854 
-83.11079978942871,10.013397408986087 
-83.10667991638182,10.0099319376402 
-83.1064224243164,10.009340268102834 
-83.09998512268066,10.00435329630218 
-83.09208869934082,10.001563939697691 
-83.08925628662108,10.000887728429191 
-83.0866813659668,10.00080320192167 
-83.08479309082031,10.000887728429191 
-83.08290481567383,10.000887728429191 
-83.08161735534668,10.001141307819804 
-83.08032989501953,10.001902044804146 
-83.07955741882324,10.002578253961456 
-83.07947158813477,10.004184245068602 
-83.07955741882324,10.005367601855843 
-83.07912826538086,10.004437821885967 
-83.07921409606934,10.00325446171118 
-83.07921409606934,10.002324675692423 
-83.07964324951172,10.001648466007293 
-83.07947158813477,10.000465095671704 
-83.07861328125,9.999619828507596 
-83.07801246643066,9.9999579356371 
-83.07775497436522,10.000465095671704 
-83.07775497436522,10.001479413366091 
-83.07766914367676,10.002240149558743 
-83.07741165161131,10.003169935819452 
-83.07741165161131,10.003930668053254 
-83.07706832885742,10.004860449474977 
-83.07698249816895,10.005959278632545 
-83.07698249816895,10.007142628951824 
-83.07723999023438,10.007818827198037 
-83.07766914367676,10.008495024035964 
-83.07809829711914,10.009424792388483 
-83.07809829711914,10.010016461771796 
-83.07929992675781,10.01162241609009 
-83.07861328125,10.012045034326832 
-83.0774974822998,10.01086170187717 
-83.07655334472656,10.01103074963412 
-83.07552337646484,10.011875987098183 
-83.07483673095703,10.01212955790814 
-83.07449340820312,10.011960510723512 
-83.07363510131836,10.013059315849624 
-83.07303428649902,10.013397408986087 
-83.0727767944336,10.012636698933715 
-83.0716609954834,10.013059315849624 
-83.07071685791016,10.012721222360932 
-83.06925773620605,10.013059315849624 
-83.06822776794432,10.01297479251048 
-83.06711196899414,10.011960510723512 
-83.06694030761719,10.01103074963412 
-83.06625366210936,10.011284321104451 
-83.06659698486328,10.01238312851999 
-83.06694030761719,10.013228362461893 
-83.06633949279785,10.01398907112725 
-83.06539535522461,10.014665255110394 
-83.06488037109375,10.014918823740757 
-83.06367874145508,10.014665255110394 
-83.06307792663574,10.014665255110394 
-83.06230545043944,10.013397408986087 
-83.06290626525879,10.011960510723512 
-83.06350708007812,10.01103074963412 
-83.06316375732422,10.009762889311002 
-83.06196212768553,10.008917646344479 
-83.06118965148926,10.008917646344479 
-83.05998802185057,10.009424792388483 
-83.05861473083496,10.009424792388483 
-83.05749893188477,10.009593840893755 
-83.0562973022461,10.009762889311002 
-83.05543899536133,10.009847413486606 
-83.05475234985352,10.010354558078063 
-83.05397987365723,10.010439082099614 
-83.05329322814941,10.01077717796568 
-83.05286407470703,10.010523606099142 
-83.05183410644531,10.010523606099142 
-83.0511474609375,10.010523606099142 
-83.0511474609375,10.011368844883885 
-83.05037498474121,10.011960510723512 
-83.04900169372559,10.011706939781458 
-83.0471134185791,10.01103074963412 
-83.04591178894043,10.01094622576665 
-83.04539680480957,10.010270034034505 
-83.04591178894043,10.009678365113377 
-83.04548263549805,10.009340268102834 
-83.04462432861328,10.009255743795174 
-83.04393768310547,10.009255743795174 
-83.04282188415527,10.008748597487081 
-83.04247856140137,10.009424792388483 
-83.04187774658203,10.00866407302538 
-83.04007530212402,10.00773430249427 
-83.0390453338623,10.00705810407202 
-83.03818702697754,10.006466429297413 
-83.03689956665039,10.006128328942172 
-83.03621292114258,10.006973579170232 
-83.0357837677002,10.007818827198037 
-83.03346633911133,10.00638190424161 
-83.03260803222656,10.005367601855843 
-83.0335521697998,10.004860449474977 
-83.03483963012695,10.005621177749282 
-83.03217887878418,10.004184245068602 
-83.03123474121094,10.00283183203257 
-83.0295181274414,10.00300088396999 
-83.0287456512451,10.002747306030857 
-83.0280590057373,10.002747306030857 
-83.02728652954102,10.002578253961456 
-83.02685737609863,10.001817518560522 
-83.02737236022949,10.0017329922949 
-83.02702903747559,10.001056781378258 
-83.0262565612793,10.001056781378258 
-83.02574157714844,10.000972254914718 
-83.02471160888672,10.000126989069917 
-83.02488327026367,9.999197194101015 
-83.02634239196777,9.998436450784036 
-83.02728652954102,9.997844760306355 
-83.02737236022949,9.995900626867174 
-83.02651405334473,9.996154210149104 
-83.02608489990234,9.995224403814975 
-83.0265998840332,9.99437912302172 
-83.02591323852539,9.994294594821518 
-83.02342414855957,9.99302666918155 
-83.02282333374022,9.993364783168966 
-83.02213668823242,9.991674209716239 
-83.02016258239746,9.990068156796095 
-83.02024841308594,9.988546625661991 
-83.023681640625,9.990997977874386 
-83.02496910095215,9.99023721537169 
-83.02737236022949,9.989560980542151 
-83.02831649780273,9.989814568767976 
-83.02908897399901,9.989307392118638 
-83.02977561950684,9.987785857426267 
-83.03046226501465,9.98643337617043 
-83.03080558776855,9.983897458664373 
-83.0306339263916,9.981615116015199 
-83.03003311157227,9.978571967593258 
-83.02908897399901,9.97155571149224 
-83.02565574645996,9.965215591113722 
-83.01604270935059,9.95067511632575 
-83.00436973571777,9.936979425916443 
-83.00102233886719,9.931737713587154 
-83.00016403198242,9.931737713587154 
-82.99604415893555,9.92649591728986 
-82.9932975769043,9.921423131287035 
-82.98763275146483,9.91474384324173 
-82.98385620117188,9.908994473645887 
-82.97776222229002,9.901384858927095 
-82.96643257141113,9.886672437012887 
-82.95827865600586,9.8755954089655 
-82.95707702636717,9.87449614156584 
-82.94986724853516,9.86570187023838 
-82.94034004211426,9.853186540960662 
-82.93561935424805,9.847013264455482 
-82.93407440185547,9.843968866407637 
-82.93227195739746,9.842192954583199 
-82.92926788330078,9.838218260183712 
-82.92823791503906,9.8373725743544 
-82.92789459228516,9.836357748502142 
-82.92634963989258,9.83534291953336 
-82.9258346557617,9.8338206702374 
-82.92531967163086,9.833905239826654 
-82.9204273223877,9.82722417562555 
-82.91982650756836,9.827055033007843 
-82.91570663452148,9.822488149640902 
-82.90480613708496,9.808110512843166 
-82.90300369262695,9.807011020815942 
-82.90008544921875,9.804135409041447 
-82.89605140686035,9.798722425108382 
-82.89493560791016,9.796692533360496 
-82.89356231689453,9.79550842410614 
-82.8921890258789,9.79381683212809 
-82.89055824279785,9.79212523152902 
-82.88849830627441,9.788572842215858 
-82.88635253906249,9.785274160971465 
-82.88283348083496,9.780283786066853 
-82.87931442260742,9.775547089731033 
-82.87227630615234,9.764466340201038 
-82.86540985107422,9.75541537799683 
-82.86163330078125,9.751355053383149 
-82.8585433959961,9.750509146197103 
-82.85820007324219,9.74966323686496 
-82.85408020019531,9.746787129085265 
-82.85382270812987,9.744756920426642 
-82.85176277160645,9.743065070440203 
-82.84970283508301,9.742049956330774 
-82.84807205200195,9.741288618722292 
-82.84626960754395,9.740527279377076 
-82.84429550170898,9.740358092620076 
-82.8427505493164,9.740188905777304 
-82.84137725830078,9.741034839133524 
-82.84043312072754,9.740950245894377 
-82.8398323059082,9.739765938295212 
-82.83880233764648,9.738750814151542 
-82.83888816833496,9.737058933719357 
-82.83888816833496,9.736212990288296 
-82.8372573852539,9.7356208286114 
-82.83493995666504,9.735282450038882 
-82.83322334289551,9.734859476341072 
-82.83176422119139,9.734859476341072 
-82.83116340637207,9.734521096997115 
-82.82918930053711,9.73435190719658 
-82.82661437988281,9.735536234000417 
-82.82472610473633,9.736635962271711 
-82.8233528137207,9.738158656975552 
-82.82180786132812,9.73925837660926 
-82.82069206237793,9.74061187272342 
-82.81914710998535,9.742472920918306 
-82.81828880310057,9.74374181146423 
-82.81837463378906,9.745602842202617 
-82.81725883483887,9.74594121031242 
-82.81665802001952,9.746787129085265 
-82.81622886657715,9.747971411763103 
-82.81622886657715,9.749071099055636 
-82.81622886657715,9.750170782721762 
-82.81485557556152,9.74966323686496 
-82.81219482421875,9.747463862558934 
-82.8105640411377,9.746110394238599 
-82.80901908874512,9.74484151270077 
-82.80996322631836,9.743065070440203 
-82.81073570251463,9.741373211875679 
-82.81099319458008,9.739596751152309 
-82.81099319458008,9.738581626494152 
-82.81039237976073,9.736551367917894 
-82.81159400939941,9.735536234000417 
-82.81305313110352,9.733928932320271 
-82.81451225280762,9.73130647613236 
-82.81494140625,9.728768595705647 
-82.81537055969238,9.725553919497612 
-82.81519889831543,9.72166242799134 
-82.81408309936523,9.717094097574982 
-82.81176567077637,9.71151049791895 
-82.80927658081055,9.70736503793765 
-82.80678749084471,9.702373497633301 
-82.80344009399414,9.696535839229284 
-82.79794692993164,9.687229217145976 
-82.79434204101562,9.681306686899186 
-82.79125213623047,9.677414681580299 
-82.78927803039551,9.674622563034273 
-82.78292655944824,9.666838352509691 
-82.77623176574707,9.661253916585775 
-82.76782035827637,9.656515534649571 
-82.76464462280273,9.65516169899092 
-82.76241302490234,9.65448477912069 
-82.76043891906738,9.654230933818571 
-82.7585506439209,9.65414631867535 
-82.7570915222168,9.654569394178862 
-82.75571823120117,9.655669388000748 
-82.75606155395508,9.657192450437801 
-82.75503158569336,9.658292435691157 
-82.75374412536621,9.657700136385898 
-82.75245666503906,9.65795397907289 
-82.75151252746582,9.658715505985493 
-82.7504825592041,9.659730872522683 
-82.74833679199219,9.659730872522683 
-82.74670600891113,9.659392417350588 
-82.74490356445312,9.658292435691157 
-82.7424144744873,9.65693860717668 
-82.74104118347168,9.656515534649571 
-82.74069786071776,9.655246313879047 
-82.73880958557129,9.652623242462704 
-82.73683547973633,9.650761695517888 
-82.73314476013184,9.648730905302793 
-82.72850990295409,9.646023165980399 
-82.72662162780762,9.644584670618626 
-82.72387504577637,9.643569258432715 
-82.72250175476074,9.644246200229766 
-82.72130012512206,9.645176992981519 
-82.72001266479492,9.645346227751205 
-82.71855354309082,9.644415435466675 
-82.71769523620605,9.642723079275303 
-82.71675109863281,9.642130752601751 
-82.71546363830566,9.642130752601751 
-82.71443367004395,9.642469225114027 
-82.71357536315918,9.642638461242765 
-82.71280288696289,9.642638461242765 
-82.71185874938965,9.641284569834855 
-82.71100044250488,9.641284569834855 
-82.70988464355469,9.640776859155679 
-82.70833969116211,9.640099910394651 
-82.70756721496582,9.640269147712267 
-82.70636558532715,9.640692240634838 
-82.70499229431152,9.640353766339238 
-82.70430564880371,9.639253722532914 
-82.70336151123047,9.638999865760493 
-82.70155906677245,9.638746008797034 
-82.69992828369139,9.638069055960647 
-82.69786834716797,9.637899817539303 
-82.69477844238281,9.637899817539303 
-82.6933193206787,9.638576770715284 
-82.69306182861328,9.64043838494499 
-82.69349098205566,9.641369188207076 
-82.69254684448242,9.640861477655275 
-82.69014358520508,9.640861477655275 
-82.68851280212402,9.641792279749756 
-82.68731117248535,9.643146169119426 
-82.68636703491211,9.643653876231673 
-82.68482208251953,9.643569258432715 
-82.68336296081543,9.642215370761665 
-82.68224716186523,9.63950757911431 
-82.67984390258788,9.63713824359281 
-82.67658233642578,9.63536123103328 
-82.67297744750977,9.633076486851053 
-82.66851425170898,9.632230281377616 
-82.66405105590819,9.631722557075426 
-82.65950202941895,9.632484143242372 
-82.65744209289551,9.63375344970255 
-82.6556396484375,9.634938131425642 
-82.65409469604492,9.6352766111542 
-82.65246391296387,9.63629204830295 
-82.6512622833252,9.637899817539303 
-82.64928817749023,9.63976143550467 
-82.64671325683594,9.639338341414595 
-82.64482498168945,9.638238294297084 
-82.64336585998534,9.637730579033088 
-82.64259338378906,9.636715146213138 
-82.64182090759277,9.636630526673539 
-82.64147758483887,9.635868949862283 
-82.6387310028076,9.635953569592855 
-82.63718605041504,9.63612280899035 
-82.63469696044922,9.636799765731517 
-82.63504028320312,9.637645959748138 
-82.63315200805663,9.637815198296806 
-82.63100624084473,9.637307482396151 
-82.6310920715332,9.636799765731517 
-82.62654304504395,9.636376667927419 
-82.62654304504395,9.635530470727813 
-82.62276649475098,9.634430411196343 
-82.62216567993164,9.635022751389602 
-82.62139320373535,9.633584209116952 
-82.62207984924316,9.633499588792342 
-82.62216567993164,9.632484143242372 
-82.62027740478516,9.631637936284152 
-82.61959075927734,9.631807177845479 
-82.61959075927734,9.63079172720501 
-82.61847496032715,9.630284000739545 
-82.61941909790039,9.627829978728228 
-82.61907577514648,9.622921881219133 
-82.6196765899658,9.622921881219133 
-82.61993408203125,9.615898100449195 
-82.6175308227539,9.61192071410914 
-82.61650085449219,9.611497585150643 
-82.61590003967285,9.61031282125175 
-82.61504173278809,9.6097204377467 
-82.6142692565918,9.608535667625738 
-82.6128101348877,9.60785865426589 
-82.61272430419922,9.60675850466798 
-82.61178016662596,9.606335369255184 
-82.60886192321777,9.602611754819154 
-82.60499954223633,9.597195515283932 
-82.60199546813965,9.594402732941871 
-82.59650230407715,9.590848249408738 
-82.59581565856934,9.58991730708743 
-82.59152412414551,9.586785936889006 
-82.58500099182129,9.582892841741543 
-82.57890701293944,9.579084335882534 
-82.57427215576172,9.576968480832425 
-82.56903648376463,9.576206769786927 
-82.56749153137207,9.575698961474137 
-82.5662899017334,9.574429437370398 
-82.56611824035645,9.572228917684331 
-82.56611824035645,9.57129792429572 
-82.56586074829102,9.569774475066742 
-82.56654739379883,9.568081745691513 
-82.56689071655273,9.56613509648869 
-82.56689071655273,9.563511334275324 
-82.56611824035645,9.561649297197578 
-82.56440162658691,9.559956527372117 
-82.56285667419434,9.558856222468664 
-82.56139755249023,9.558517666397861 
-82.55976676940918,9.557671274747069 
-82.5582218170166,9.556909520461371 
-82.55607604980469,9.555978485129907 
-82.5541877746582,9.554201046970329 
-82.55247116088867,9.551238629414202 
-82.55187034606934,9.549122601094448 
-82.55178451538086,9.545652286191743 
-82.55229949951172,9.542943723170835 
-82.55410194396973,9.540912286778475 
-82.55650520324707,9.53972727662557 
-82.55976676940918,9.538880838280303 
-82.56174087524414,9.53913477000453 
-82.56397247314453,9.540404425788754 
-82.56603240966797,9.541674076844384 
-82.56706237792967,9.54421336476747 
-82.56817817687988,9.546329423582868 
-82.56963729858398,9.54844546925545 
-82.5710105895996,9.550815424802105 
-82.57246971130371,9.552508240094548 
-82.57530212402344,9.554962807318114 
-82.5776195526123,9.55623240410927 
-82.58028030395508,9.557671274747069 
-82.58242607116699,9.558094470835638 
-82.58543014526367,9.559110139300696 
-82.58869171142578,9.559364055943192 
-82.59358406066895,9.559279417083415 
-82.59607315063477,9.559279417083415 
-82.59839057922363,9.559279417083415 
-82.6007080078125,9.558433027327519 
-82.60233879089355,9.556655601987206 
-82.60319709777832,9.555639926196083 
-82.6032829284668,9.553270004230297 
-82.60302543640137,9.550984706710066 
-82.60165214538574,9.549207242479685 
-82.59976387023926,9.545398359323114 
-82.59830474853514,9.541504790310205 
-82.59736061096191,9.538203686091164 
-82.59744644165039,9.534817904976423 
-82.59856224060059,9.532193901496901 
-82.60002136230469,9.529823816493021 
-82.60311126708984,9.524406417542695 
-82.60499954223633,9.517634548003798 
-82.60345458984375,9.51340206139123 
-82.60345458984375,9.508492311279573 
-82.60585784912108,9.50392110127558 
-82.60997772216797,9.501720126532822 
-82.6146125793457,9.49901121511543 
-82.61667251586914,9.500196366497828 
-82.61890411376953,9.502228045037302 
-82.62319564819336,9.503243879785233 
-82.62697219848633,9.502058738952876 
-82.63040542602539,9.497487443025092 
-82.63280868530272,9.495286426925823 
-82.63486862182617,9.494609188357664 
-82.63830184936523,9.494101258552954 
-82.64225006103516,9.494609188357664 
-82.6472282409668,9.496810208808684 
-82.65169143676758,9.49850329183868 
-82.6530647277832,9.501381513777831 
-82.6530647277832,9.503751796028606 
-82.65220642089844,9.507307188624392 
-82.65237808227539,9.510693242459991 
-82.65478134155273,9.51086254427184 
-82.65615463256836,9.509508127430381 
-82.66010284423827,9.5059527577058 
-82.66336441040039,9.502735962788119 
-82.66387939453125,9.500704287263048 
-82.6643943786621,9.497487443025092 
-82.66593933105469,9.495286426925823 
-82.66971588134766,9.494439878506432 
-82.67108917236328,9.495455736358661 
-82.67023086547852,9.498841907440218 
-82.66851425170898,9.501889432784711 
-82.66988754272461,9.50527554023594 
-82.67417907714844,9.507137885052794 
-82.68104553222656,9.507137885052794 
-82.68499374389648,9.506799277658246 
-82.6860237121582,9.50832300829447 
-82.68585205078125,9.511878353382833 
-82.68585205078125,9.514079262770892 
-82.68739700317381,9.5167880548741 
-82.68962860107422,9.519158230353286 
-82.6937484741211,9.520851202772599 
-82.69804000854492,9.522544166802131 
-82.70112991333008,9.524914302345877 
-82.70181655883789,9.528300181727532 
-82.69804000854492,9.531686027524703 
-82.6944351196289,9.530331693236704 
-82.69237518310547,9.529823816493021 
-82.68997192382812,9.529993108824883 
-82.68774032592772,9.533548228393597 
-82.68945693969727,9.536764733224436 
-82.6911735534668,9.538965482209388 
-82.69323348999023,9.542351222140384 
-82.69477844238281,9.544721220081644 
-82.69752502441406,9.546752633768902 
-82.70009994506836,9.544721220081644 
-82.70009994506836,9.539304057715606 
-82.70009994506836,9.536595444252717 
-82.7031898498535,9.534733260017934 
-82.70730972290039,9.537103310915796 
-82.70662307739258,9.540996930203189 
-82.70662307739258,9.545398359323114 
-82.7105712890625,9.54878403534322 
-82.71537780761717,9.549122601094448 
-82.71966934204102,9.54844546925545 
-82.72207260131836,9.55030757857335 
-82.72361755371094,9.554539607335364 
-82.72327423095702,9.559617972396214 
-82.72464752197266,9.559956527372117 
-82.72842407226562,9.55792519246337 
-82.73168563842773,9.55792519246337 
-82.73340225219727,9.560125804733719 
-82.73323059082031,9.562157126502512 
-82.73477554321288,9.56486553665553 
-82.73786544799805,9.566727556121768 
-82.74250030517578,9.567066104019956 
-82.74541854858398,9.568420292240994 
-82.74576187133789,9.572482824529395 
-82.74250030517578,9.574175531980261 
-82.7409553527832,9.576206769786927 
-82.73958206176758,9.579084335882534 
-82.73992538452148,9.581792611104946 
-82.74284362792969,9.587209096713272 
-82.7461051940918,9.588732467709624 
-82.74953842163086,9.588732467709624 
-82.74953842163086,9.584331599499611 
-82.75245666503906,9.578745799960558 
-82.75588989257812,9.57993067421059 
-82.7577781677246,9.5829774747197 
-82.75915145874023,9.586532040741064 
-82.76275634765625,9.587716887805584 
-82.76636123657227,9.587378360495176 
-82.77391433715819,9.583993068811226 
-82.77872085571289,9.588055414778141 
-82.7816390991211,9.590932880402125 
-82.78438568115234,9.595164403135714 
-82.78696060180664,9.597026256403224 
-82.78867721557617,9.598718841405699 
-82.79090881347656,9.601596216503017 
-82.79674530029297,9.60396580117019 
-82.79829025268555,9.60108844620306 
-82.80258178710938,9.598718841405699 
-82.80601501464844,9.595502922672425 
-82.80807495117188,9.596010701343527 
-82.81185150146484,9.597195515283932 
-82.81373977661133,9.597872549961346 
-82.81717300415039,9.599903645876307 
-82.8200912475586,9.601765473100507 
-82.82249450683594,9.605319842106624 
-82.82266616821289,9.609043426756886 
-82.82386779785155,9.61208996554437 
-82.82764434814453,9.6124284681608 
-82.83348083496094,9.610735951691863 
-82.83588409423828,9.610905203719748 
-82.84069061279297,9.610735951691863 
-82.8427505493164,9.6141209761623 
-82.8449821472168,9.617675215397472 
-82.84704208374023,9.621060170410638 
-82.8504753112793,9.622244896657184 
-82.85648345947266,9.61987544001146 
-82.85837173461914,9.617675215397472 
-82.85940170288085,9.61344397397789 
-82.86008834838867,9.60768940071434 
-82.86163330078125,9.60311952283527 
-82.86317825317383,9.598211066792768 
-82.86094665527344,9.593641061036482 
-82.86043167114258,9.59076361839422 
-82.86386489868164,9.5902558318636 
-82.86729812622069,9.592456234670834 
-82.87107467651367,9.594318102814675 
-82.87467956542969,9.593810321607807 
-82.87588119506836,9.591779189174176 
-82.87708282470703,9.58856320460346 
-82.87725448608398,9.585177924742917 
-82.87605285644531,9.58128481114666 
-82.87879943847655,9.575868230996077 
-82.88154602050781,9.572144282027145 
-82.8834342956543,9.570620836592695 
-82.88497924804688,9.56875883845326 
-82.88515090942383,9.56503481157384 
-82.88223266601562,9.561649297197578 
-82.88068771362305,9.559110139300696 
-82.8782844543457,9.554031766661538 
-82.87605285644531,9.553185363854936 
-82.87193298339844,9.555047447251532 
-82.86712646484375,9.554370327194938 
-82.86815643310547,9.553523925230115 
-82.8695297241211,9.551323270273505 
-82.86764144897461,9.547429768973014 
-82.86678314208984,9.545059789870587 
-82.87107467651367,9.541674076844384 
-82.87399291992188,9.538796194330201 
-82.87210464477539,9.532871065617243 
-82.87227630615234,9.525422186393692 
-82.8647232055664,9.518311740997902 
-82.86163330078125,9.519666122959922 
-82.85751342773438,9.52000471761159 
-82.85476684570312,9.518988932649965 
-82.85322189331055,9.516110858860797 
-82.85579681396483,9.513909962551738 
-82.85751342773438,9.512216955749267 
-82.85648345947266,9.511539750681104 
-82.8537368774414,9.512047654607958 
-82.851505279541,9.513740662248745 
-82.84893035888672,9.51441786295768 
-82.84807205200195,9.512216955749267 
-82.8482437133789,9.509508127430381 
-82.84704208374023,9.508492311279573 
-82.84292221069336,9.504936930998413 
-82.8427505493164,9.502566656954919 
-82.84858703613281,9.498672599681294 
-82.93561935424805,9.473444808938526 
-82.9361343383789,9.0781964661976 
-82.95433044433594,9.069720809411074 
-82.96857833862303,9.079722063149344 
-82.97853469848633,9.099893234278147 
-82.98866271972656,9.157349402823717 
-83.00325393676758,9.164806160946855 
-83.05458068847656,9.17531314526067 
-83.05578231811523,9.18073598316442 
-83.05286407470703,9.197512362435539 
-83.06488037109375,9.222421276103358 
-83.06367874145508,9.233773735384592 
-83.06711196899414,9.253427874669214 
-83.08067321777344,9.259696636439452 
-83.11002731323242,9.274266839782902 
-83.12805175781249,9.281890542337853 
-83.14298629760742,9.28714232988823 
-83.16427230834961,9.317973816075058 
-83.17886352539062,9.330000746192662 
-83.19826126098633,9.32864561986132 
-83.21542739868164,9.324410816144885 
-83.2320785522461,9.327798663230585 
-83.24649810791016,9.34676999853284 
-83.25387954711914,9.351851430733825 
-83.27877044677734,9.357102166039414 
-83.29439163208008,9.368789001845661 
-83.30451965332031,9.380136712437066 
-83.32511901855469,9.390975969899324 
-83.33953857421875,9.383693381150675 
-83.34314346313475,9.378443047848917 
-83.34468841552734,9.36218344729313 
-83.34966659545898,9.354900254433092 
-83.36048126220703,9.357102166039414 
-83.36923599243164,9.356255278610016 
-83.38554382324217,9.348971961596211 
-83.39584350585938,9.341349722426147 
-83.39790344238281,9.353037087569922 
-83.40803146362305,9.362691571332892 
-83.42588424682617,9.369297116223494 
-83.44888687133789,9.3860644733576 
-83.48047256469727,9.454819075776264 
-83.48699569702148,9.485297022322111 
-83.50399017333984,9.49968844497911 
-83.5122299194336,9.530162401072777 
-83.51051330566405,9.54522907463891 
-83.5125732421875,9.55877158348253 
-83.51943969726562,9.576545308240293 
-83.5264778137207,9.587039832846918 
-83.48012924194336,9.628506952098645 
-83.4715461730957,9.63696900470461 
-83.45541000366211,9.649661685670587 
-83.43240737915039,9.670476647251169 
-83.42519760131836,9.69213637732988 
-83.42433929443358,9.71667110086241 
-83.41472625732422,9.733421361761629 
-83.39155197143555,9.760659890735967 
-83.35962295532227,9.804473717603646 
-83.35052490234375,9.81682174378345 
-83.33198547363281,9.83728800565243 
-83.33919525146483,9.85707649148483 
-83.3371353149414,9.865532747334617 
-83.33782196044922,9.887517996345178 
-83.34554672241211,9.90527423961053 
-83.34915161132812,9.92827137382399 
-83.35000991821289,9.94653265323421 
-83.33610534667969,9.949407020958787 
-83.3364486694336,9.960397017179432 
-83.33147048950195,9.971724779680896 
-83.3177375793457,9.978318370607663 
-83.31172943115234,9.98761679757676 
-83.39412689208984,9.986602436634868 
-83.51325988769531,9.98643337617043 
-83.61024856567383,9.986771497011446 
-83.69058609008789,10.024300723707235 
-83.76611709594727,10.05743102482258 
-83.7813949584961,10.063008751861927 
-83.82413864135742,10.087515803869769 
-83.94241333007812,10.149789117643156
