-82.93609142303467,9.078238843978351 
-82.93210029602051,9.077348909530835 
-82.92763710021973,9.0747214711348 
-82.91802406311035,9.080611991706675 
-82.91351795196533,9.082264710308968 
-82.91184425354004,9.082222333004102 
-82.9099988937378,9.08277323757655 
-82.90789604187012,9.08277323757655 
-82.89738178253174,9.086036270372663 
-82.89394855499268,9.089002638034986 
-82.89098739624023,9.089341649917873 
-82.88712501525879,9.08794322383271 
-82.8857946395874,9.082561351302742 
-82.88682460784912,9.079510175072008 
-82.88596630096436,9.07756079888533 
-82.88502216339111,9.077179397957094 
-82.88386344909668,9.074424823655125 
-82.88184642791748,9.072009256475718 
-82.88154602050781,9.07107692795165 
-82.87987232208252,9.07022935446428 
-82.87841320037842,9.066203353067925 
-82.87854194641113,9.061965408093466 
-82.87386417388915,9.057261230624926 
-82.869873046875,9.056710286893134 
-82.869873046875,9.055057450631248 
-82.86704063415527,9.055608396896263 
-82.86498069763182,9.056922188428363 
-82.86369323730469,9.057261230624926 
-82.86309242248535,9.056244103075905 
-82.86060333251953,9.055735538222116 
-82.85862922668457,9.05327746462043 
-82.85704135894775,9.052429849137347 
-82.85759925842285,9.0505227069962 
-82.85532474517822,9.045860761419066 
-82.85111904144287,9.045733616602668 
-82.84931659698486,9.044589311233816 
-82.84742832183838,9.042343071597339 
-82.84451007843018,9.041071608987657 
-82.84412384033203,9.040139200220434 
-82.84090518951416,9.040181582489495 
-82.83966064453124,9.039800141888344 
-82.83863067626953,9.03878296497677 
-82.83815860748291,9.037299576831508 
-82.83644199371338,9.035900948128306 
-82.83554077148438,9.034205633330211 
-82.83425331115723,9.03458707985521 
-82.83206462860107,9.034459931058423 
-82.83039093017578,9.03522282316625 
-82.82876014709473,9.034375165168948 
-82.82472610473633,9.034205633330211 
-82.82361030578613,9.032849375749194 
-82.82343864440918,9.03022161216302 
-82.8193187713623,9.030772596437597 
-82.8175163269043,9.029840161018088 
-82.81704425811768,9.028950106777144 
-82.81421184539795,9.022422975224712 
-82.81674385070801,9.020049443564 
-82.80961990356445,9.016743427026343 
-82.80858993530273,9.016319576562847 
-82.80661582946777,9.015980495833812 
-82.8042984008789,9.015556644474799 
-82.80344009399414,9.014327472720431 
-82.803955078125,9.012420128957665 
-82.804856300354,9.01051277512423 
-82.8031826019287,9.009029270737074 
-82.8031826019287,9.007672918539503 
-82.80223846435547,9.006443719963887 
-82.80133724212646,9.00351905827459 
-82.79777526855469,9.003095192298943 
-82.79262542724608,9.003476671699376 
-82.78515815734863,9.003307125348863 
-82.78249740600586,9.004705880363112 
-82.78125286102295,9.004960198875256 
-82.77880668640137,9.00385815069738 
-82.77494430541992,9.00029766440046 
-82.77254104614258,9.000212890489994 
-82.77052402496338,8.999492311449089 
-82.7695369720459,8.999492311449089 
-82.76747703552246,8.998983666556045 
-82.76674747467041,8.998093536272552 
-82.76563167572021,8.997542502142513 
-82.76400089263916,8.998263085066824 
-82.75928020477295,8.996016557095535 
-82.75571823120117,8.99538074476034 
-82.75382995605467,8.993261362243482 
-82.7506971359253,8.992540769361197 
-82.74919509887695,8.990124653349296 
-82.74704933166504,8.988895395156256 
-82.74503231048584,8.985546705125154 
-82.74297237396239,8.984995651901201 
-82.74168491363524,8.985546705125154 
-82.73996829986572,8.983808765188057 
-82.73932456970215,8.981180645062809 
-82.73820877075195,8.979781799161945 
-82.73816585540771,8.97884923222977 
-82.73756504058838,8.97689931180362 
-82.73683547973633,8.976263465919743 
-82.73782253265381,8.975118940519952 
-82.73838043212889,8.973720071238729 
-82.73829460144043,8.972617928006413 
-82.73880958557129,8.971939684353408 
-82.73889541625977,8.970879926107962 
-82.73868083953857,8.968972353468535 
-82.738938331604,8.967700632806713 
-82.7400541305542,8.966810425693055 
-82.73825168609619,8.964521311665585 
-82.73739337921141,8.964055008891094 
-82.73674964904784,8.961977834714359 
-82.73614883422852,8.961511528674977 
-82.7342176437378,8.961299571186501 
-82.73224353790283,8.959773473619624 
-82.73009777069092,8.959688690233534 
-82.72842407226562,8.95807780213993 
-82.72705078125,8.956085378043039 
-82.72584915161133,8.954813612271739 
-82.72550582885742,8.953457057212805 
-82.72417545318604,8.952905955274625 
-82.72275924682617,8.953245095027732 
-82.72172927856445,8.952566815205282 
-82.7198839187622,8.950574360911682 
-82.71859645843506,8.950320004258874 
-82.716965675354,8.949429754573593 
-82.71653652191162,8.947225317406632 
-82.71692276000977,8.945826340739782 
-82.71584987640381,8.943113158545025 
-82.71602153778075,8.941798953650533 
-82.71481990814209,8.94112065249436 
-82.71456241607666,8.939933622431084 
-82.7146053314209,8.938025887438984 
-82.71391868591309,8.936881241648251 
-82.71378993988037,8.935439830722382 
-82.71391868591309,8.934295176807877 
-82.7146053314209,8.932472202040838 
-82.7130603790283,8.929504549199802 
-82.71211624145508,8.929250177832385 
-82.71250247955322,8.927554364181972 
-82.71233081817627,8.92594333391096 
-82.7116870880127,8.924586671322306 
-82.71198749542236,8.923399587419135 
-82.71181583404541,8.921958123202245 
-82.71589279174805,8.920601445797411 
-82.71945476531982,8.920898219410608 
-82.72250175476074,8.919244763350228 
-82.72344589233398,8.917167333582656 
-82.72696495056152,8.915768241568918 
-82.73159980773926,8.914920304406634 
-82.73250102996826,8.9145387320414 
-82.73271560668945,8.914072365275905 
-82.73752212524414,8.91114696016705 
-82.73971080780028,8.910468602013925 
-82.74121284484863,8.910468602013925 
-82.74404525756836,8.909281472216062 
-82.74885177612305,8.905762457661835 
-82.74850845336914,8.904872099212806 
-82.74816513061523,8.90105625273673 
-82.74704933166504,8.899657099055549 
-82.74747848510742,8.898512332973212 
-82.7501392364502,8.895502005075116 
-82.7510404586792,8.892703649897694 
-82.75430202484131,8.892025257543061 
-82.75953769683838,8.88744607628382 
-82.75983810424805,8.885919669811791 
-82.76078224182129,8.884986862726796 
-82.76211261749268,8.88528366523864 
-82.76404380798338,8.885622867815005 
-82.76520252227783,8.885792468985455 
-82.76636123657227,8.885707668410046 
-82.7675199508667,8.885622867815005 
-82.76833534240723,8.88528366523864 
-82.76923656463623,8.884011652781345 
-82.76940822601318,8.882697235271491 
-82.76992321014404,8.88138281304896 
-82.7721118927002,8.880025985167148 
-82.77339935302734,8.878414745537215 
-82.77610301971436,8.87765152429465 
-82.77674674987793,8.876930702774121 
-82.7794075012207,8.875997872821562 
-82.78099536895752,8.875913069981 
-82.78236865997314,8.87498023744107 
-82.78391361236572,8.875446654007488 
-82.78494358062744,8.875743464241046 
-82.78584480285645,8.876252281225671 
-82.78666019439697,8.876973104079235 
-82.78854846954346,8.877481919358436 
-82.79000759124754,8.877481919358436 
-82.79125213623047,8.877142709250734 
-82.79266834259033,8.877142709250734 
-82.79391288757324,8.876676294840466 
-82.79580116271973,8.877015505379463 
-82.79751777648926,8.877354715604794 
-82.7999210357666,8.876676294840466 
-82.80107975006104,8.875616259884637 
-82.80331134796143,8.875022638971597 
-82.8042984008789,8.874556221866214 
-82.80691623687744,8.873962599238283 
-82.80897617340088,8.873326573928502 
-82.81039237976073,8.871588099124686 
-82.8109073638916,8.870061626654634 
-82.81137943267821,8.86878956141467 
-82.81193733215332,8.866839052821216 
-82.81249523162842,8.865736586860015 
-82.81313896179199,8.86442210388941 
-82.81408309936523,8.86378606205381 
-82.81515598297119,8.86353164501125 
-82.81657218933105,8.863107616215503 
-82.81743049621582,8.862132348128265 
-82.82039165496826,8.86039382033599 
-82.82236576080322,8.860012191183275 
-82.82464027404785,8.858952108124534 
-82.82644271850586,8.859206528337445 
-82.82785892486572,8.857849618500577 
-82.83236503601074,8.85712875811274 
-82.83360958099365,8.856195877865867 
-82.83562660217285,8.855729436854913 
-82.83661365509033,8.856747125570534 
-82.84086227416992,8.856959143698434 
-82.84335136413574,8.85526299525234 
-82.84549713134766,8.85496616846995 
-82.84841537475586,8.853566838983419 
-82.85107612609863,8.854669341448 
-82.85180568695068,8.854669341448 
-82.85326480865479,8.856111070453332 
-82.85528182983398,8.856195877865867 
-82.85592555999756,8.853397222926331 
-82.857985496521,8.852761162015685 
-82.86094665527344,8.852761162015685 
-82.86274909973145,8.849199200594184 
-82.86764144897461,8.847290992792988 
-82.86935806274414,8.843304926808095 
-82.87459373474121,8.840124524065546 
-82.87656784057617,8.837198529292515 
-82.87815570831297,8.836308004532626 
-82.88047313690186,8.8331275413982 
-82.88347721099854,8.831982567953098 
-82.88442134857178,8.829310949422815 
-82.88261890411377,8.825494317956748 
-82.88412094116211,8.823416357561323 
-82.88270473480225,8.822525799524893 
-82.88047313690186,8.822610614668541 
-82.87845611572264,8.823289135116235 
-82.87656784057617,8.822271353977005 
-82.87725448608398,8.819599665136618 
-82.87163257598877,8.818157793286673 
-82.86970138549805,8.816715915807693 
-82.86695480346678,8.816758324049163 
-82.86532402038573,8.817564079712293 
-82.8640365600586,8.817988160934242 
-82.8634786605835,8.81828501749988 
-82.86287784576416,8.818115385205857 
-82.86257743835449,8.8176064878564 
-82.86253452301025,8.816843140517538 
-82.86240577697754,8.815994974957562 
-82.86253452301025,8.815231624288645 
-82.86274909973145,8.81455308903665 
-82.86283493041992,8.813959369668966 
-82.8632640838623,8.813111197488908 
-82.86369323730469,8.811966161957901 
-82.8647232055664,8.81149966498378 
-82.86485195159912,8.810057761523344 
-82.86601066589355,8.809209580389986 
-82.86540985107422,8.808446215706262 
-82.86613941192627,8.807004300337116 
-82.86643981933594,8.80526551256153 
-82.86837100982666,8.804926235944894 
-82.87055969238281,8.803738765336131 
-82.8724479675293,8.80221201180994 
-82.87373542785645,8.801024532489702 
-82.87575244903564,8.799412947317567 
-82.87652492523193,8.799328126850968 
-82.87751197814941,8.799328126850968 
-82.87815570831297,8.79911607559941 
-82.87858486175537,8.798946434510695 
-82.87905693054199,8.798395100435481 
-82.87957191467285,8.797928586345815 
-82.87952899932861,8.797674123867326 
-82.88279056549072,8.795723239055091 
-82.88549423217773,8.795511185738743 
-82.88729667663574,8.793517878629848 
-82.89000034332275,8.792075905097912 
-82.89025783538818,8.791015626861114 
-82.88974285125732,8.788131654706815 
-82.88909912109375,8.78609589614453 
-82.8889274597168,8.784357010186136 
-82.88824081420898,8.783211885711124 
-82.88768291473387,8.782533291760949 
-82.88733959197997,8.781260924757694 
-82.88613796234131,8.779225128474094 
-82.88630962371826,8.776892431498972 
-82.88527965545654,8.774771785160786 
-82.88549423217773,8.773711457448169 
-82.88639545440674,8.77332973873022 
-82.88858413696289,8.77332973873022 
-82.89012908935547,8.772439060195396 
-82.89180278778076,8.77248147350742 
-82.89270401000977,8.771887686698328 
-82.89682388305664,8.772226993562649 
-82.89849758148193,8.775407980334501 
-82.90042877197266,8.775068676377538 
-82.90090084075928,8.773796283776619 
-82.90381908416748,8.773626631100317 
-82.90669441223145,8.774686959055229 
-82.9099988937378,8.774050762645727 
-82.91072845458984,8.773541804733089 
-82.91107177734375,8.772311820230287 
-82.91244506835938,8.771675619750669 
-82.91313171386719,8.770700110231532 
-82.914719581604,8.769682184523013 
-82.91351795196533,8.768409773464166 
-82.91368961334229,8.767307013687569 
-82.914719581604,8.766755632571725 
-82.91836738586426,8.767052530197331 
-82.91918277740479,8.765186312609595 
-82.91806697845459,8.764083543265853 
-82.91712284088135,8.764210786049455 
-82.9163074493408,8.763871471863062 
-82.91592121124268,8.762895941851651 
-82.9163074493408,8.761665922101091 
-82.91579246520996,8.75992692171648 
-82.91424751281738,8.759290700031402 
-82.91223049163818,8.759630018398914 
-82.90952682495117,8.759036211052571 
-82.9094409942627,8.758357572924275 
-82.91017055511475,8.756788217509635 
-82.91399002075194,8.753649486817547 
-82.91647911071777,8.752716345559751 
-82.9187536239624,8.753055669924237 
-82.92008399963379,8.751740786288421 
-82.91879653930664,8.749832075970653 
-82.91853904724121,8.748983757132354 
-82.91888236999512,8.74741436218586 
-82.91652202606201,8.74453005152275 
-82.91733741760254,8.742536470804907 
-82.91635036468506,8.74105188248955 
-82.91532039642333,8.741136716266924 
-82.91356086730957,8.741560884864027 
-82.91210174560547,8.7398642075788 
-82.91098594665527,8.739482454125085 
-82.91004180908202,8.736767751623027 
-82.90858268737793,8.736046655448039 
-82.90785312652588,8.736173907815555 
-82.90647983551025,8.73727675984802 
-82.90497779846191,8.736810169001659 
-82.90411949157713,8.735749733088301 
-82.90313243865965,8.733586434473906 
-82.90235996246338,8.73244115365682 
-82.90098667144775,8.732271482125592 
-82.90111541748047,8.730702016803233 
-82.89965629577637,8.728284178927726 
-82.89523601531981,8.72722371877703 
-82.89175987243652,8.72667227830791 
-82.89193153381348,8.724636183365138 
-82.89137363433838,8.72357571285125 
-82.89034366607666,8.723278780567636 
-82.88991451263428,8.722600077318463 
-82.89034366607666,8.720860894612485 
-82.89042949676514,8.71878234856121 
-82.891845703125,8.717721861426787 
-82.89223194122314,8.714201022558441 
-82.89128780364989,8.710934672509149 
-82.89004325866699,8.71046804874425 
-82.88961410522461,8.709025753426388 
-82.88832664489745,8.708643968440692 
-82.8878116607666,8.707201666089235 
-82.88669586181639,8.70652293364682 
-82.88695335388184,8.704783676143217 
-82.88609504699707,8.704062518222123 
-82.88407802581786,8.70172935072209 
-82.88047313690186,8.69986280625193 
-82.88081645965576,8.69735992520021 
-82.87622451782227,8.696681174913268 
-82.87064552307129,8.69871742208389 
-82.86867141723633,8.697487190742068 
-82.86742687225342,8.697275081481594 
-82.86665439605713,8.695578203073813 
-82.86704063415527,8.694602494508873 
-82.86613941192627,8.693075293393132 
-82.86592483520508,8.69061478961549 
-82.86532402038573,8.689639068127663 
-82.86300659179686,8.689511799920272 
-82.86214828491211,8.688069423883837 
-82.86395072937012,8.686075541991322 
-82.86360740661621,8.684039226138644 
-82.86476612091064,8.682002899232154 
-82.86468029022217,8.67907565994333 
-82.86150455474854,8.676827185276768 
-82.85841464996336,8.675681730740825 
-82.85892963409424,8.673645358493898 
-82.85841464996336,8.671312001720825 
-82.85674095153809,8.66825740367834 
-82.85691261291504,8.666517968698246 
-82.8557538986206,8.664863376735253 
-82.85480976104735,8.663463331694475 
-82.85086154937743,8.661426893239213 
-82.8495740890503,8.658584346126288 
-82.84416675567627,8.656166042869426 
-82.84189224243164,8.65285676060079 
-82.84116268157959,8.651159681486968 
-82.83416748046875,8.643650014629548 
-82.83528327941895,8.64084976156337 
-82.83262252807617,8.637031201138978 
-82.83004760742188,8.635928054263166 
-82.82953262329102,8.625405568144094 
-82.82833099365234,8.623708365500862 
-82.82893180847168,8.614543339511703 
-82.83794403076172,8.614119027371892 
-82.83588409423828,8.609366698889398 
-82.8314208984375,8.606396463279477 
-82.82824516296387,8.605717549010452 
-82.8273868560791,8.604189987453948 
-82.82755851745605,8.602322959405281 
-82.82635688781738,8.600625653192617 
-82.82755851745605,8.598928339375181 
-82.82850265502928,8.598673741646747 
-82.82936096191406,8.598504009732752 
-82.82936096191406,8.597400750438618 
-82.83082008361816,8.597400750438618 
-82.83090591430664,8.595788288769771 
-82.83219337463379,8.59468502157027 
-82.83390998840332,8.59434555409366 
-82.83382415771484,8.593072548349188 
-82.83408164978026,8.590950862610846 
-82.83330917358398,8.589592977509007 
-82.83159255981445,8.589508109528737 
-82.82970428466797,8.588065350959065 
-82.82944679260254,8.585773899601067 
-82.82944679260254,8.582973218040292 
-82.82850265502928,8.581785043862544 
-82.82687187194824,8.580936345744702 
-82.82575607299805,8.578644851351637 
-82.82532691955566,8.577286922224202 
-82.82455444335936,8.575250019431584 
-82.82541275024414,8.573637463643164 
-82.8255844116211,8.57210977290029 
-82.82506942749023,8.571176181090257 
-82.82532691955566,8.569987970016026 
-82.82352447509766,8.57015771468257 
-82.82266616821289,8.56863000995556 
-82.82275199890137,8.56795102810673 
-82.82215118408203,8.567187172077713 
-82.82489776611328,8.56370736408942 
-82.82747268676758,8.559803151389389 
-82.8310775756836,8.556068649597075 
-82.83330917358398,8.554456012500752 
-82.83519744873047,8.553607253391817 
-82.83760070800781,8.549872690848504 
-82.83888816833496,8.547920518589565 
-82.84008979797363,8.545968336333125 
-82.83940315246582,8.543676631365253 
-82.83940315246582,8.541384912626711 
-82.8394889831543,8.53841414562418 
-82.83966064453124,8.536461914715789 
-82.83923149108887,8.534849194695267 
-82.83845901489258,8.53221790003744 
-82.83794403076172,8.529671468590688 
-82.83614158630371,8.527549429418768 
-82.83390998840332,8.524323907308679 
-82.83322334289551,8.523559963874787 
-82.83390998840332,8.514392523632598 
-82.83365249633789,8.512355284859858 
-82.83262252807617,8.50989360687785 
-82.83159255981445,8.507262140500538 
-82.83159255981445,8.505903957232244 
-82.83202171325684,8.503866673301824 
-82.83296585083008,8.500895614821786 
-82.83348083496094,8.499112968680006 
-82.8339958190918,8.497160537205415 
-82.83562660217285,8.492831197177754 
-82.83751487731934,8.486464431934484 
-82.83931732177734,8.48077669903995 
-82.8687572479248,8.439601797081401 
-82.91510581970215,8.428819189276714 
-82.93107032775877,8.435017102973703 
-82.93553352355957,8.423979653340426 
-82.95364379882812,8.414130586262834 
-82.95407295227051,8.408017246232305 
-82.95596122741699,8.4066587131297 
-82.95784950256348,8.40640398764295 
-82.96042442321777,8.403941632643722 
-82.96076774597168,8.402073628766898 
-82.96093940734863,8.4013094427699 
-82.96154022216797,8.400545255267595 
-82.96188354492188,8.399016875747527 
-82.96257019042969,8.396979027023685 
-82.96377182006836,8.395620455263652 
-82.96531677246094,8.394771345499239 
-82.96651840209961,8.394941167600685 
-82.96660423278807,8.394007145123512 
-82.96669006347656,8.392478739860033 
-82.96754837036133,8.39145979967589 
-82.96797752380371,8.390865416667355 
-82.96814918518066,8.390101208605653 
-82.96797752380371,8.388997349862482 
-82.96823501586913,8.388148225618172 
-82.96917915344238,8.387638750180892 
-82.96943664550781,8.386365058665397 
-82.97029495239258,8.38568575481697 
-82.97158241271973,8.38534610244753 
-82.97338485717773,8.383478009110673 
-82.97321319580078,8.382628872808283 
-82.9757022857666,8.38254395907604 
-82.97638893127441,8.381694820733822 
-82.97810554504393,8.37982670985436 
-82.97853469848633,8.378892651049846 
-82.97896385192871,8.37829824882464 
-82.98025131225586,8.3778736752506 
-82.98256874084473,8.375835715645803 
-82.98274040222168,8.374646900947328 
-82.98308372497559,8.374052492236338 
-82.98299789428711,8.37345808261759 
-82.9837703704834,8.373033503762747 
-82.98402786254881,8.37226926065707 
-82.98505783081055,8.37226926065707 
-82.98574447631836,8.372608924444828 
-82.9866886138916,8.37345808261759 
-82.98720359802246,8.374477069979678 
-82.98754692077637,8.37507147804223 
-82.98857688903809,8.375156393405627 
-82.98849105834961,8.375750800430632 
-82.98943519592285,8.375835715645803 
-82.9899501800537,8.375496054673942 
-82.9899501800537,8.37430723893792 
-82.99235343933105,8.37226926065707 
-82.99321174621582,8.371674848315424 
-82.9936408996582,8.370570937273337 
-83.00488471984863,8.361739536305748 
-83.00445556640625,8.360635597111948 
-83.00385475158691,8.360295922884948 
-83.00385475158691,8.359107060760039 
-83.00539970397948,8.359361817234817 
-83.00771713256835,8.357408680008183 
-83.00806045532227,8.356644406256857 
-83.01054954528809,8.356559486858709 
-83.0115795135498,8.354946014781353 
-83.01561355590819,8.355030934530747 
-83.01535606384277,8.355965050554014 
-83.01741600036621,8.35621980908123 
-83.01836013793945,8.355200773974067 
-83.01904678344727,8.354436495896843 
-83.0192184448242,8.352992855444024 
-83.01904678344727,8.351803971060818 
-83.02170753479004,8.351803971060818 
-83.02196502685547,8.352483334009001 
-83.02865982055664,8.352483334009001 
-83.02926063537598,8.351888891494006 
-83.03080558776855,8.351209527511049 
-83.03149223327637,8.349935716855882 
-83.03277969360352,8.350105558516749 
-83.0335521697998,8.349426191429938 
-83.03380966186523,8.34866190204411 
-83.03509712219238,8.349001586400313 
-83.03715705871582,8.348322217392397 
-83.03835868835449,8.347133318784135 
-83.04033279418945,8.346199181624021 
-83.04084777832031,8.34475551070907 
-83.0416202545166,8.344415822659506 
-83.04368019104004,8.343906290031285 
-83.045654296875,8.343396756738494 
-83.04668426513672,8.34297214515353 
-83.04737091064453,8.341953075466817 
-83.04797172546387,8.340934003122356 
-83.04582595825195,8.34050938886116 
-83.04556846618652,8.338726003926602 
-83.04634094238281,8.3371973817925 
-83.04780006408691,8.33694261085574 
-83.04917335510254,8.336857687173245 
-83.05011749267577,8.335668753681766 
-83.05097579956055,8.33498936149216 
-83.05140495300293,8.333036102372944 
-83.05106163024902,8.330828058580597 
-83.04951667785645,8.329554181493654 
-83.04925918579102,8.328110449115528 
-83.0482292175293,8.326242081662349 
-83.04651260375975,8.324118926005877 
-83.04582595825195,8.322080685745664 
-83.04582595825195,8.319023305469093 
-83.04556846618652,8.31723982262373 
-83.04513931274414,8.316050829551186 
-83.04368019104004,8.315031689761309 
-83.04239273071289,8.316815182654732 
-83.04033279418945,8.31783431780736 
-83.03913116455078,8.318343884389847 
-83.03655624389648,8.318683595076704 
-83.03569793701172,8.317154894666736 
-83.03483963012695,8.315201546576946 
-83.03398132324219,8.31392761866582 
-83.03140640258789,8.313502975108904 
-83.0295181274414,8.31358790385708 
-83.02788734436035,8.315371403318997 
-83.02677154541014,8.316390542225674 
-83.0265998840332,8.315371403318997 
-83.02668571472168,8.313757761298243 
-83.02548408508301,8.313078331092129 
-83.02453994750977,8.312738615547598 
-83.02342414855957,8.312229041678995 
-83.0222225189209,8.311634537995406 
-83.02299499511719,8.31078524545561 
-83.023681640625,8.309935951076854 
-83.02462577819824,8.309426373566973 
-83.02514076232909,8.307303126818056 
-83.02428245544434,8.305519590670272 
-83.02316665649413,8.304415492802782 
-83.02179336547852,8.304075769757219 
-83.0193042755127,8.303226460857056 
-83.01810264587402,8.303056598856543 
-83.01587104797363,8.302801805717971 
-83.0141544342041,8.302716874635038 
-83.01209449768066,8.30246208127599 
-83.01054954528809,8.301273043414305 
-83.01003456115723,8.300848386162581 
-83.00848960876465,8.299914138592374 
-83.0068588256836,8.29914975256379 
-83.00514221191406,8.297366179379134 
-83.00402641296387,8.296516855968987 
-83.00256729125977,8.295582598097358 
-83.00325393676758,8.294053807698225 
-83.00394058227539,8.29252501135247 
-83.00411224365234,8.29133594341747 
-83.00385475158691,8.289892070376094 
-83.00376892089842,8.288787928590706 
-83.00256729125977,8.288787928590706 
-83.00119400024414,8.289127664854846 
-82.99973487854004,8.289042730816325 
-82.99870491027832,8.287513914986468 
-82.99784660339354,8.285220680100716 
-82.99673080444336,8.282842496471925 
-82.99338340759277,8.277831276787623 
-82.99226760864256,8.274348866230948 
-82.99003601074219,8.272819993335695 
-82.98883438110352,8.271460990226775 
-82.9852294921875,8.272819993335695 
-82.9852294921875,8.276217480601414 
-82.98282623291016,8.277406594221826 
-82.97973632812499,8.283352108459413 
-82.97990798950195,8.286579635720773 
-82.97578811645508,8.28929753287686 
-82.97235488891602,8.286749504843211 
-82.96995162963867,8.281653399268404 
-82.96720504760742,8.279614938562661 
-82.9642868041992,8.278765576820291 
-82.96308517456055,8.27808608610728 
-82.95982360839844,8.280124554728609 
-82.95587539672852,8.280804041923748 
-82.95450210571289,8.274858489211006 
-82.95433044433594,8.272819993335695 
-82.95278549194335,8.270611610904004 
-82.95055389404297,8.267214075311472 
-82.94763565063477,8.268063461954442 
-82.94797897338867,8.270441734819789 
-82.94523239135741,8.270611610904004 
-82.94282913208008,8.273159743380631 
-82.94128417968749,8.271460990226775 
-82.94076919555664,8.268912846767654 
-82.93922424316406,8.26568517474365 
-82.93767929077147,8.26194783729557 
-82.93733596801756,8.25888998941661 
-82.93716430664062,8.256851411003284 
-82.93802261352539,8.254982704877875 
-82.9383659362793,8.25175491892592 
-82.93716430664062,8.250056073621382 
-82.93596267700195,8.249886188689196 
-82.93407440185547,8.249036762932832 
-82.9328727722168,8.248187335350792 
-82.93149948120117,8.245978815094572 
-82.9277229309082,8.242241291172684 
-82.9277229309082,8.239523069773373 
-82.93149948120117,8.236804829700032 
-82.93046951293945,8.233916679167642 
-82.93149948120117,8.232217757248199 
-82.93184280395508,8.2305188280405 
-82.9306411743164,8.22864999749585 
-82.93218612670898,8.226611263211835 
-82.93304443359374,8.224232726624843 
-82.9332160949707,8.222193969619745 
-82.93235778808594,8.220494997441138 
-82.9361343383789,8.215737836625914 
-82.93596267700195,8.21064081532612 
-82.93373107910155,8.209791305414111 
-82.93081283569336,8.211490323420694 
-82.92789459228516,8.210470913489107 
-82.92652130126953,8.20826218299321 
-82.92634963989258,8.206733054685522 
-82.9248046875,8.205713632543823 
-82.92463302612305,8.203334970708802 
-82.92205810546875,8.201635917824637 
-82.91999816894531,8.20197572898248 
-82.9167366027832,8.194669725092018 
-82.9163932800293,8.197218346343707 
-82.913818359375,8.1980678831321 
-82.91141510009766,8.1980678831321 
-82.91021347045898,8.194329907691522 
-82.91107177734375,8.191101627913403 
-82.91055679321289,8.188722878690681 
-82.91175842285156,8.186514027401465 
-82.91158676147461,8.18260602972755 
-82.91193008422852,8.178188247073487 
-82.90884017944336,8.176319170442985 
-82.90420532226562,8.175639504041566 
-82.90266036987305,8.175809420750522 
-82.90300369262695,8.174110250403396 
-82.9054069519043,8.17275090891413 
-82.90763854980469,8.170541969115815 
-82.90918350219727,8.168163097197167 
-82.9083251953125,8.165614290123887 
-82.90729522705078,8.163915076369454 
-82.9086685180664,8.16340531083331 
-82.90952682495117,8.15694822440833 
-82.90884017944336,8.155248973799093 
-82.91004180908202,8.154059494075463 
-82.9086685180664,8.1508308884199 
-82.90695190429688,8.142164502317645 
-82.90557861328125,8.140465188926331 
-82.90334701538086,8.139615529527108 
-82.90231704711914,8.137746272505622 
-82.90351867675781,8.136386807376299 
-82.90163040161133,8.13349792866524 
-82.90060043334961,8.13264825449402 
-82.90077209472656,8.129249539804706 
-82.89888381958008,8.127550171659966 
-82.89836883544922,8.125680858386998 
-82.8976821899414,8.123811536406281 
-82.89596557617188,8.122961841718805 
-82.89613723754883,8.120412746865856 
-82.89390563964844,8.11990292595328 
-82.89321899414062,8.118033577070031 
-82.89236068725586,8.114974623769038 
-82.89064407348631,8.11429485320612 
-82.8889274597168,8.113615081493341 
-82.88978576660156,8.111915647181322 
-82.88875579833984,8.110556094558694 
-82.88841247558594,8.108856647315404 
-82.88635253906249,8.109366482242562 
-82.88566589355469,8.107327138655792 
-82.88669586181639,8.105967570519908 
-82.88789749145508,8.104607997789152 
-82.88995742797852,8.104268103888606 
-82.89167404174805,8.104777944631763 
-82.89201736450195,8.102398682303603 
-82.89030075073241,8.09848986365924 
-82.88824081420898,8.094920909148332 
-82.88841247558594,8.09101201792824 
-82.88841247558594,8.088122813093738 
-82.88841247558594,8.086593225681227 
-82.88841247558594,8.084553766772965 
-82.88789749145508,8.08217438501373 
-82.88738250732422,8.07962503184384 
-82.88772583007812,8.077075662571184 
-82.89064407348631,8.074016398195278 
-82.89081573486328,8.071976875737306 
-82.8921890258789,8.068407686661953 
-82.89407730102539,8.067557875093112 
-82.89459228515624,8.06585824659581 
-82.89562225341797,8.06449853865357 
-82.8947639465332,8.062119038753712 
-82.89648056030273,8.060929283554392 
-82.89579391479492,8.05871972890173 
-82.89424896240233,8.056680129283361 
-82.89339065551758,8.055150422824966 
-82.89236068725586,8.05430058340608 
-82.89047241210938,8.053620710586662 
-82.89098739624023,8.051581085279818 
-82.89373397827148,8.05022132936901 
-82.8947639465332,8.049371479607 
-82.89751052856445,8.046312005704495 
-82.89854049682616,8.043932398924108 
-82.89957046508789,8.041552778176772 
-82.89957046508789,8.040362962566736 
-82.90248870849608,8.040362962566736 
-82.90386199951172,8.039853040522544 
-82.90678024291992,8.042062698083937 
-82.90815353393555,8.044272343605098 
-82.91055679321289,8.047331832905188 
-82.91158676147461,8.050731238370473 
-82.91278839111328,8.05396064713907 
-82.913818359375,8.05481048727148 
-82.91519165039062,8.057190030151535 
-82.9163932800293,8.060079456269793 
-82.91484832763672,8.061269213968394 
-82.91399002075194,8.063308790453608 
-82.9134750366211,8.066028209767085 
-82.91364669799803,8.067217949965306 
-82.913818359375,8.06959741985649 
-82.91313171386719,8.068747610789194 
-82.91519165039062,8.071806915067691 
-82.91296005249023,8.071297032629802 
-82.91107177734375,8.073336558520152 
-82.91227340698242,8.07520611487322 
-82.91313171386719,8.077585537713695 
-82.90987014770508,8.075715992376555 
-82.9060935974121,8.076735745451774 
-82.90266036987305,8.078435328186872 
-82.90042877197266,8.083703989184253 
-82.89974212646484,8.090162253950101 
-82.89888381958008,8.092881492373246 
-82.89905548095703,8.095600712445762 
-82.89939880371094,8.099509559138482 
-82.9002571105957,8.103248420464263 
-82.90094375610352,8.106307462984688 
-82.90248870849608,8.112255534618535 
-82.90386199951172,8.1165041033309 
-82.90815353393555,8.122791902565476 
-82.91107177734375,8.127550171659966 
-82.91399002075194,8.131458707629289 
-82.91519165039062,8.134007732303601 
-82.91519165039062,8.13553713932855 
-82.91604995727539,8.13655674076968 
-82.9167366027832,8.138935800710216 
-82.91759490966795,8.141484777826319 
-82.91845321655273,8.14301415630939 
-82.92137145996094,8.144713458884107 
-82.92274475097656,8.14760225670679 
-82.92377471923828,8.148961683761335 
-82.92360305786133,8.152190304504076 
-82.92463302612305,8.15694822440833 
-82.92617797851562,8.16085647339427 
-82.92720794677734,8.164594762738842 
-82.92806625366211,8.166803735449715 
-82.92961120605469,8.169862292871635 
-82.93012619018555,8.17190131813124 
-82.93081283569336,8.17394033297056 
-82.93304443359374,8.179547570028427 
-82.93424606323242,8.181926374045082 
-82.93527603149414,8.184475076876485 
-82.93630599975586,8.18549455344362 
-82.93802261352539,8.189062700878395 
-82.94128417968749,8.192970635187367 
-82.94214248657227,8.194159998882428 
-82.94403076171875,8.197897975919583 
-82.94591903686523,8.199766951264609 
-82.94780731201172,8.202655350426658 
-82.94918060302733,8.205543728599249 
-82.95106887817383,8.20758257113871 
-82.95175552368164,8.209791305414111 
-82.95381546020508,8.212339829697685 
-82.95536041259766,8.215058237567598 
-82.95673370361327,8.21675723303115 
-82.95845031738281,8.218796017984378 
-82.95982360839844,8.22117458718605 
-82.96016693115234,8.223213349432777 
-82.96205520629883,8.22491230996329 
-82.9636001586914,8.2257617874979 
-82.96342849731445,8.227290842471971 
-82.96566009521484,8.229329573259387 
-82.96686172485352,8.2305188280405 
-82.96857833862303,8.231877971989675 
-82.97046661376953,8.235785484859361 
-82.9716682434082,8.237824171915525 
-82.97252655029295,8.241391848991759 
-82.97733306884766,8.243600394867716 
-82.97733306884766,8.245808928409978 
-82.97836303710938,8.248017449615313 
-82.98145294189453,8.250905497186686 
-82.98402786254881,8.252264571092859 
-82.9848861694336,8.253283873454206 
-82.98866271972656,8.256851411003284 
-82.99123764038086,8.25888998941661 
-82.99501419067383,8.261098437483602 
-82.99896240234375,8.263646631433941 
-83.00188064575195,8.265515296536913 
-83.00497055053711,8.26568517474365 
-83.00788879394531,8.26670444244746 
-83.0130386352539,8.270951362852756 
-83.0188751220703,8.274688614957558 
-83.02505493164062,8.279784810691257 
-83.03037643432617,8.283691849417808 
-83.03277969360352,8.286409766524981 
-83.03672790527344,8.288448192033076 
-83.03930282592773,8.29235514472481 
-83.04462432861328,8.295582598097358 
-83.04874420166016,8.29830043300962 
-83.05423736572266,8.302207287751605 
-83.06144714355469,8.305264799130361 
-83.067626953125,8.307982567027828 
-83.07209014892578,8.310700316100494 
-83.07552337646484,8.313418046342344 
-83.08324813842773,8.317664462132628 
-83.08650970458984,8.31885345030971 
-83.1005859375,8.326496859567436 
-83.10916900634766,8.329893882455647 
-83.1126022338867,8.33329087585472 
-83.12238693237305,8.340934003122356 
-83.12307357788086,8.342292765657708 
-83.12376022338867,8.344500744699587 
-83.1277084350586,8.348067453709643 
-83.13079833984375,8.350784924421205 
-83.13577651977539,8.353502376213736 
-83.13817977905273,8.35621980908123 
-83.14006805419922,8.359446736022756 
-83.14126968383789,8.361145107897544 
-83.14367294311523,8.364711664748565 
-83.1448745727539,8.365730674996511 
-83.14590454101562,8.367598853528929 
-83.1448745727539,8.370146355269949 
-83.14418792724608,8.372184344663834 
-83.14504623413086,8.374901647259865 
-83.14521789550781,8.377109441649704 
-83.14641952514648,8.379656881147639 
-83.14573287963867,8.381185336838442 
-83.14401626586914,8.38305344119129 
-83.14247131347656,8.384072403418878 
-83.1419563293457,8.388487875538573 
-83.1390380859375,8.390016296506001 
-83.13835144042969,8.395450633459344 
-83.13457489013672,8.395960098649411 
-83.13285827636719,8.398167773413004 
-83.13217163085938,8.400884894343347 
-83.12925338745117,8.403092541087716 
-83.1254768371582,8.404960540057072 
-83.1229019165039,8.405979444793157 
-83.1196403503418,8.405979444793157 
-83.11775207519531,8.407507796876743 
-83.11637878417969,8.40903614293473 
-83.11363220214844,8.409715405914975 
-83.11294555664061,8.411753187712058 
-83.11054229736328,8.4139607725645 
-83.11037063598633,8.417187220101134 
-83.10848236083984,8.420074018792763 
-83.10693740844727,8.422621176229617 
-83.10522079467773,8.425847551579071 
-83.10504913330077,8.432130415808631 
-83.10298919677734,8.435017102973703 
-83.10298919677734,8.436545340389094 
-83.10161590576172,8.438582980871512 
-83.09921264648438,8.442488428411211 
-83.09577941894531,8.446054237310411 
-83.0921745300293,8.449450215150335 
-83.09423446655273,8.45692126113323 
-83.09629440307617,8.462694242922343 
-83.10127258300781,8.471523341772329 
-83.10504913330077,8.477635676129763 
-83.11088562011719,8.486464431934484 
-83.1174087524414,8.4951232068083 
-83.13028335571289,8.50870520494638 
-83.13697814941406,8.516344867280521 
-83.14144134521484,8.525002966857148 
-83.14470291137695,8.534849194695267 
-83.15156936645508,8.54401614408136 
-83.15088272094727,8.547920518589565 
-83.15191268920898,8.556068649597075 
-83.15500259399414,8.56523508858948 
-83.15912246704102,8.56964848045559 
-83.16169738769531,8.573722335171036 
-83.16513061523438,8.581700174136138 
-83.16822052001953,8.587810745936016 
-83.1716537475586,8.593242282695417 
-83.17646026611328,8.596636953661159 
-83.17611694335938,8.602068363958248 
-83.1771469116211,8.609196971768204 
-83.17920684814453,8.616664893069705 
-83.18298339843749,8.622096015927497 
-83.18916320800781,8.624472107633936 
-83.1943130493164,8.625150988233738 
-83.19602966308594,8.628205935832389 
-83.19877624511717,8.629563682387625 
-83.20358276367188,8.628884809720317 
-83.2046127319336,8.627527060723903 
-83.20564270019531,8.63058198909965 
-83.20976257324219,8.631600293064732 
-83.21147918701172,8.63058198909965 
-83.2159423828125,8.630921424059922 
-83.21697235107422,8.63363689275273 
-83.21971893310547,8.637031201138978 
-83.22383880615234,8.639746625856889 
-83.2272720336914,8.640425478981278 
-83.23104858398438,8.639746625856889 
-83.23413848876953,8.636691771674641 
-83.23345184326172,8.632618594282526 
-83.23413848876953,8.627187622711979 
-83.23997497558594,8.629224246206554 
-83.24443817138672,8.632958027411231 
-83.24649810791016,8.640764905085144 
-83.2492446899414,8.645856259968525 
-83.25164794921875,8.64958987649745 
-83.25370788574219,8.657735820437614 
-83.2657241821289,8.657396409626378 
-83.27156066894531,8.657396409626378 
-83.27705383300781,8.66011168754346 
-83.28289031982422,8.658075230942702 
-83.28838348388672,8.656378175355874 
-83.29216003417967,8.653323456016105 
-83.29696655273438,8.654341698550427 
-83.29730987548828,8.657056998508994 
-83.30074310302734,8.666220991189878 
-83.30451965332031,8.667918002363134 
-83.30623626708984,8.670972603164635 
-83.30863952636719,8.67300898990236 
-83.32099914550781,8.67300898990236 
-83.32408905029297,8.677081730254647 
-83.32649230957031,8.681154426425964 
-83.32958221435547,8.683530145448225 
-83.32958221435547,8.688620921258892 
-83.32717895507812,8.690996592984588 
-83.32923889160156,8.694390383615032 
-83.33198547363281,8.699141638850914 
-83.33061218261717,8.703214095359394 
-83.32923889160156,8.704910939161508 
-83.33026885986328,8.707965238615058 
-83.32992553710938,8.711358875426512 
-83.33267211914062,8.712716321528118 
-83.33438873291016,8.717127987316784 
-83.33267211914062,8.721200247971543 
-83.33576202392578,8.724933114569273 
-83.33747863769531,8.729683981712537 
-83.33988189697266,8.730023327051406 
-83.34331512451172,8.731380705320458 
-83.3474349975586,8.735452810492108 
-83.35086822509766,8.73647082983753 
-83.35258483886719,8.733416763463653 
-83.3529281616211,8.732059392603004 
-83.35670471191406,8.732738078650769 
-83.36151123046875,8.735452810492108 
-83.36494445800781,8.737149507856929 
-83.37009429931639,8.735452810492108 
-83.37249755859375,8.734774129384405 
-83.37352752685547,8.73918553450187 
-83.37284088134766,8.741221550024958 
-83.37455749511719,8.746650870360723 
-83.37867736816406,8.74732952983816 
-83.38142395019531,8.744275552450693 
-83.3810806274414,8.741900219394049 
-83.38451385498047,8.736131490364548 
-83.38829040527344,8.730702016803233 
-83.38794708251953,8.727647903198894 
-83.39481353759766,8.731720049116083 
-83.39859008789062,8.735792150582744 
-83.40167999267578,8.737149507856929 
-83.40476989746094,8.73647082983753 
-83.408203125,8.731041361216178 
-83.4140396118164,8.728665943844314 
-83.41506958007812,8.72052154094513 
-83.42227935791016,8.718824767983984 
-83.42674255371094,8.716449272892529 
-83.42880249023438,8.714752481439282 
-83.43189239501952,8.714413122224276 
-83.43498229980469,8.71610991521816 
-83.43807220458984,8.717127987316784 
-83.43944549560547,8.722218306198739 
-83.44562530517578,8.722897010141756 
-83.45077514648438,8.722218306198739 
-83.45661163330078,8.723236361650697 
-83.45832824707031,8.726629859776544 
-83.4638214111328,8.72730855569997 
-83.46725463867188,8.724254414327124 
-83.46931457519531,8.72052154094513 
-83.48030090332031,8.722218306198739 
-83.48236083984375,8.717127987316784 
-83.48373413085938,8.712037599093332 
-83.48304748535156,8.706607775269465 
-83.48716735839842,8.70457157101656 
-83.48442077636719,8.700499129275828 
-83.48098754882812,8.69608726740327 
-83.47789764404297,8.69608726740327 
-83.47583770751953,8.69846289179301 
-83.47240447998047,8.70151724386459 
-83.47103118896483,8.700499129275828 
-83.4682846069336,8.698123517802738 
-83.4682846069336,8.692693492141647 
-83.46519470214844,8.683869532651933 
-83.46176147460938,8.685566464064587 
-83.45558166503905,8.682851370119707 
-83.45523834228516,8.680475646799714 
-83.45317840576172,8.677421123290005 
-83.44871520996094,8.674705970417065 
-83.44596862792969,8.670972603164635 
-83.44390869140625,8.667239198813235 
-83.44013214111327,8.662487539644008 
-83.43429565429688,8.659093460620966 
-83.43292236328125,8.652305210727778 
-83.43463897705078,8.64857162111389 
-83.43257904052733,8.643140879255673 
-83.43463897705078,8.639407198836402 
-83.4353256225586,8.637031201138978 
-83.4356689453125,8.630242553834185 
-83.43189239501952,8.627866498430699 
-83.42880249023438,8.621417129838273 
-83.42399597167969,8.617343787694265 
-83.4195327758789,8.616325445300284 
-83.41850280761719,8.614967651175489 
-83.41197967529297,8.610554786606286 
-83.40648651123047,8.600371056604768 
-83.39515686035156,8.592563344854637 
-83.38966369628906,8.586113374749516 
-83.38314056396484,8.58373704233361 
-83.37970733642578,8.584755472333768 
-83.37696075439453,8.58136069504076 
-83.37627410888672,8.577965887394738 
-83.36803436279297,8.574910534571119 
-83.3642578125,8.57592898824253 
-83.3584213256836,8.576947439183842 
-83.3529281616211,8.577626404961176 
-83.3481216430664,8.575589503988725 
-83.33850860595702,8.573552592096322 
-83.33095550537108,8.567781282455092 
-83.3258056640625,8.570836692590856 
-83.32305908203124,8.569139245546575 
-83.32099914550781,8.56370736408942 
-83.31962585449219,8.559633402102644 
-83.3155059814453,8.551824853107664 
-83.31172943115234,8.546732234928307 
-83.30692291259766,8.542318577478564 
-83.30005645751952,8.54096051875681 
-83.29044342041016,8.534170152648512 
-83.2870101928711,8.527719192986229 
-83.28838348388672,8.51787278144768 
-83.28975677490234,8.5131192506703 
-83.29078674316406,8.504291108347289 
-83.29044342041016,8.49614187335958 
-83.2870101928711,8.490708953830824 
-83.28357696533203,8.484936392565173 
-83.27568054199219,8.480182453431327 
-83.27568054199219,8.473391009800034 
-83.2708740234375,8.465920283290576 
-83.27396392822266,8.460826522987542 
-83.27774047851562,8.458449411790518 
-83.27877044677734,8.456751466241656 
-83.28014373779297,8.453015959702016 
-83.28254699707031,8.448940820380205 
-83.28323364257812,8.442828030678074 
-83.27808380126953,8.438752783759814 
-83.27362060546875,8.435356711810662 
-83.2712173461914,8.430262547918584 
-83.2712173461914,8.425168316899477 
-83.27568054199219,8.421092883779231 
-83.27945709228516,8.414640026911181 
-83.28014373779297,8.410904113265593 
-83.27980041503906,8.403432177933201 
-83.27980041503906,8.395960098649411 
-83.27739715576172,8.390865416667355 
-83.27980041503906,8.38746892488669 
-83.28014373779297,8.386110319861373 
-83.28323364257812,8.380336195529566 
-83.29421997070312,8.373542998332985 
-83.30211639404297,8.37659995174847 
-83.30795288085936,8.381694820733822 
-83.31859588623047,8.38543101556772 
-83.32511901855469,8.38746892488669 
-83.33301544189453,8.393242943243713 
-83.34056854248047,8.39765831112055 
-83.34949493408203,8.398337594028535 
-83.35601806640625,8.400715074842639 
-83.37249755859375,8.408187062535372 
-83.38760375976562,8.41226263148683 
-83.39447021484375,8.416338157566061 
-83.41129302978516,8.424489081027238 
-83.42433929443358,8.430941773650172 
-83.4353256225586,8.434677493838254 
-83.4469985961914,8.438752783759814 
-83.45077514648438,8.440450808536344 
-83.46759796142578,8.444526037530613 
-83.48064422607422,8.446563635892069 
-83.49369049072266,8.448940820380205 
-83.51772308349608,8.448940820380205 
-83.54244232177734,8.442828030678074 
-83.54450225830078,8.440790412595627 
-83.5675048828125,8.44316763264618 
-83.57093811035156,8.44622403691235 
-83.56853485107422,8.448601223493046 
-83.57265472412108,8.451997178908954 
-83.5781478881836,8.453695145401806 
-83.58192443847656,8.455053513211507 
-83.5891342163086,8.458449411790518 
-83.59394073486328,8.467278607989433 
-83.59359741210938,8.471693130149566 
-83.5960006713867,8.477465890376331 
-83.6004638671875,8.481201159626325 
-83.60355377197264,8.489011150703854 
-83.62758636474608,8.505988843827575 
-83.6505889892578,8.52330531572423 
-83.6612319946289,8.536886313588766 
-83.67496490478516,8.54876929036549 
-83.69041442871094,8.564386353513479 
-83.69556427001953,8.574910534571119 
-83.70517730712889,8.581700174136138 
-83.71101379394531,8.585434424148975 
-83.71444702148438,8.583058087482117 
-83.71685028076172,8.585434424148975 
-83.71925354003906,8.585094948393191 
-83.71994018554688,8.58237913141625 
-83.72371673583984,8.58339756505967 
-83.72577667236328,8.586792324135276 
-83.72852325439452,8.590865994934395 
-83.73332977294922,8.59527908892286 
-83.73367309570312,8.597994813534598 
-83.73367309570312,8.600371056604768 
-83.73332977294922,8.606481327477482 
-83.73332977294922,8.61259149972724 
-83.73401641845703,8.627866498430699 
-83.73092651367188,8.627866498430699 
-83.72817993164061,8.632958027411231 
-83.73161315917969,8.638388915941821 
-83.73126983642578,8.643140879255673 
-83.72440338134766,8.642462031020738 
-83.7216567993164,8.646195681181904 
-83.71685028076172,8.647892782662328 
-83.71410369873047,8.650608129128175 
-83.71307373046874,8.65298404122597 
-83.71341705322264,8.660790503960673 
-83.71479034423828,8.669615005873924 
-83.7158203125,8.676402943263518 
-83.7106704711914,8.678778692363077 
-83.70895385742188,8.686584619227036 
-83.70483398437499,8.688960303855694 
-83.70037078857422,8.68997844980278 
-83.69487762451172,8.693372249653118 
-83.69041442871094,8.695069138052611 
-83.68217468261717,8.6940510059351 
-83.67599487304688,8.697784143504906 
-83.66947174072266,8.691675353569352 
-83.660888671875,8.694729760987531 
-83.6553955078125,8.699141638850914 
-83.64990234375,8.707286507557953 
-83.64852905273438,8.716449272892529 
-83.64852905273438,8.726290511352067 
-83.64646911621094,8.734095447041566 
-83.64097595214844,8.735792150582744 
-83.63960266113281,8.741221550024958 
-83.64028930664062,8.74597220964652 
-83.64234924316406,8.7537767331714 
-83.6447525024414,8.760902459519231 
-83.64681243896484,8.769045979538443 
-83.64337921142578,8.78770753926174 
-83.64578247070312,8.79313618030003 
-83.65127563476562,8.791779027497485 
-83.65127563476562,8.793814754836621 
-83.64749908447266,8.796189755923583 
-83.64372253417969,8.79958258819246 
-83.6392593383789,8.813492875210855 
-83.6227798461914,8.820617453641084 
-83.61488342285156,8.823331542602808 
-83.60424041748045,8.829438169791661 
-83.59428405761719,8.831812941955135 
-83.58501434326172,8.828759660650787 
-83.594970703125,8.83588394436689 
-83.59668731689453,8.840972634148596 
-83.59222412109375,8.84436505495251 
-83.59256744384766,8.84775744450241 
-83.60218048095703,8.869128779242901 
-83.60595703125,8.8748954343653 
-83.61042022705078,8.880661998861848 
-83.61042022705078,8.8891420760171 
-83.60595703125,8.891516462452367 
-83.594970703125,8.890838067898596 
-83.59806060791016,8.90101385421894 
-83.60183715820312,8.909154279509021 
-83.60355377197264,8.917633696396082 
-83.61007690429688,8.92373875464268 
-83.61934661865233,8.917972868977182 
-83.6227798461914,8.920007897847173 
-83.62174987792969,8.925773751363279 
-83.61900329589842,8.931200353781103 
-83.6220932006836,8.935948564641416 
-83.62174987792969,8.948497109709763 
-83.62449645996094,8.954940789049047 
-83.62518310546875,8.967488678929998 
-83.63033294677734,8.972236416107581 
-83.63204956054688,8.984444597839223 
-83.63067626953125,9.004112469805776 
-83.63170623779297,9.016658656973444 
-83.63719940185547,9.029543476515242 
-83.64715576171875,9.043445002227005 
-83.66260528564453,9.062770621486486 
-83.66329193115234,9.068195169928382 
-83.66844177246094,9.07395866283431 
-83.66981506347656,9.078704999236097 
-83.67633819580078,9.082095201059435 
-83.67942810058594,9.084807339431055 
-83.67427825927733,9.089214520499393 
-83.67668151855469,9.091926604971718 
-83.68217468261717,9.09497767544654 
-83.6883544921875,9.094638668900267 
-83.68732452392578,9.098367723246952 
-83.68698120117188,9.100062735102275 
-83.69075775146484,9.105147722471267 
-83.69487762451172,9.109554653022325 
-83.69796752929688,9.113622540676474 
-83.70174407958984,9.116673426014058 
-83.70655059814453,9.119046318809513 
-83.71101379394531,9.123453077862543 
-83.71410369873047,9.129215680645755 
-83.71822357177734,9.129893627792363 
-83.7216567993164,9.132266432652706 
-83.72543334960938,9.138706823350486 
-83.7271499633789,9.142774378530897 
-83.72886657714842,9.145147097592496 
-83.73641967773436,9.150231442312617 
-83.74122619628906,9.152604111647857 
-83.74603271484375,9.153620965088649 
-83.75358581542969,9.151587255299493 
-83.75907897949219,9.150231442312617 
-83.75701904296875,9.155654663246176 
-83.75804901123047,9.159722024656395 
-83.76079559326172,9.169890224453907 
-83.7649154663086,9.178363501785507 
-83.77143859863281,9.186497657547154 
-83.77796173095703,9.193275978031352 
-83.7872314453125,9.195987269891589 
-83.79135131835936,9.201748696121518 
-83.79856109619139,9.203782118269084 
-83.8095474243164,9.207848927482239 
-83.81229400634766,9.210899003685554 
-83.8205337524414,9.213949053559642 
-83.82156372070312,9.212593479088884 
-83.82774353027344,9.21530462282789 
-83.83186340332031,9.217676856526577 
-83.8363265991211,9.218693523232716 
-83.84010314941406,9.223437929143468 
-83.84422302246094,9.222421276103358 
-83.84147644042969,9.22919890769679 
-83.84387969970703,9.234620919181356 
-83.85040283203125,9.238348503689577 
-83.85452270507812,9.241398316221794 
-83.85932922363281,9.247159001154094 
-83.8637924194336,9.249869879085214 
-83.8699722290039,9.25630813044436 
-83.87409210205078,9.257663536762232 
-83.88233184814453,9.265118178070255 
-83.89194488525389,9.271217312371485 
-83.89331817626953,9.274266839782902 
-83.90636444091797,9.283754088863379 
-83.91254425048828,9.288497617124671 
-83.92078399658203,9.294935159883854 
-83.9300537109375,9.300017346869128 
-83.94481658935547,9.308826296084192 
-83.95751953125,9.317296230216321 
-83.97159576416016,9.323055668100293 
-83.99803161621094,9.334913034996855 
-84.01004791259766,9.338300780045131 
-84.02721405029297,9.343043567772751 
-84.03923034667969,9.348802580316704 
-84.05158996582031,9.352867708269317 
-84.05914306640625,9.356594033829278 
-84.06600952148438,9.36065907071625 
-84.07733917236328,9.365401553662421 
-84.08592224121094,9.369127744846821 
-84.09313201904297,9.371160195914252 
-84.10480499267578,9.373870112162018 
-84.11476135253906,9.373870112162018 
-84.11922454833984,9.373870112162018 
-84.12609100341795,9.373192635083441 
-84.1281509399414,9.380644810200877 
-84.13089752197266,9.38572574689241 
-84.13501739501953,9.38572574689241 
-84.13742065429688,9.38301592325583 
-84.1343307495117,9.379967346350394 
-84.13501739501953,9.376241271522577 
-84.1387939453125,9.376580007251476 
-84.14222717285155,9.377934946859984 
-84.14703369140625,9.379967346350394 
-84.14806365966797,9.383693381150675 
-84.15081024169922,9.390806609108518 
-84.15973663330078,9.395548679949226 
-84.16419982910156,9.397580976145512 
-84.17003631591797,9.396226113340123 
-84.17621612548828,9.396226113340123 
-84.1769027709961,9.401645532743855 
-84.17037963867188,9.402322954202532 
-84.166259765625,9.402661664434515 
-84.16316986083984,9.405032626773604 
-84.16282653808594,9.408080983043924 
-84.16488647460936,9.412822817158808 
-84.1666030883789,9.418580671119297 
-84.16831970214844,9.423999740109716 
-84.1666030883789,9.428402671027527 
-84.16694641113281,9.430434774041348 
-84.17793273925781,9.440595109499167 
-84.1878890991211,9.445336496875479 
-84.20230865478516,9.451771132475995 
-84.21466827392578,9.456173708576456 
-84.21878814697266,9.461592186426527 
-84.23526763916014,9.464978691720427 
-84.24556732177734,9.47073567413092 
-84.25037384033203,9.473783449286675 
-84.25586700439453,9.473783449286675 
-84.2647933959961,9.477169834396598 
-84.27234649658203,9.478185743414983 
-84.28092956542969,9.482249349412475 
-84.28813934326172,9.483265243391303 
-84.29878234863281,9.48597427929077 
-84.31217193603516,9.488006042170541 
-84.32144165039061,9.488344668146576 
-84.32968139648438,9.489699168705691 
-84.34066772460938,9.491392286877472 
-84.34616088867188,9.494101258552954 
-84.35955047607422,9.49850329183868 
-84.37362670898438,9.502566656954919 
-84.38117980957031,9.504259711518227 
-84.39044952392578,9.506291365938106 
-84.40521240234375,9.507984402072935 
-84.41207885742188,9.510354638584854 
-84.42306518554688,9.513740662248745 
-84.43851470947264,9.517803846378127 
-84.44435119628906,9.519835420327695 
-84.45568084716797,9.523221350064489 
-84.45945739746094,9.524914302345877 
-84.4742202758789,9.52897735357409 
-84.48417663574219,9.528638767818737 
-84.49447631835938,9.52694583400436 
-84.50271606445312,9.525591480908405 
-84.50820922851561,9.523898531984143 
-84.51541900634766,9.523221350064489 
-84.51988220214844,9.522882758601135 
-84.52674865722656,9.519158230353286 
-84.53292846679688,9.518142442875192 
-84.5401382446289,9.522544166802131 
-84.54219818115234,9.52728442143888 
-84.55009460449219,9.534056099593803 
-84.55455780029295,9.537103310915796 
-84.5614242553711,9.54353622317123 
-84.57035064697264,9.5486147523414 
-84.5724105834961,9.551661833500328 
-84.59300994873047,9.566896830113011 
-84.60193634033202,9.57129792429572 
-84.62013244628906,9.583485272145387 
-84.62665557861328,9.592286973423423 
-84.6225357055664,9.59499514324055 
-84.62322235107422,9.600411417952362 
-84.62562561035155,9.606166114941981 
-84.62940216064453,9.609889690282545 
-84.63420867919922,9.614628726911375 
-84.64107513427733,9.620721676434595 
-84.6445083618164,9.62275263520578 
-84.64828491210936,9.620721676434595 
-84.65240478515625,9.623429618750587 
-84.65686798095703,9.626476027916832 
-84.66270446777344,9.631214832009686 
-84.65995788574219,9.634938131425642 
-84.65652465820311,9.636630526673539 
-84.65652465820311,9.640692240634838 
-84.65686798095703,9.644415435466675 
-84.65789794921875,9.647123187703572 
-84.66201782226562,9.648815521806094 
-84.6664810180664,9.649153987606853 
-84.66922760009766,9.651523238693086 
-84.67197418212889,9.651523238693086 
-84.6771240234375,9.649153987606853 
-84.68090057373047,9.653215550697064 
-84.67643737792969,9.659646258761555 
-84.67094421386719,9.66066162249127 
-84.66888427734375,9.666415292427265 
-84.66888427734375,9.67352263117729 
-84.67025756835938,9.680968253444236 
-84.67334747314453,9.694166905377438 
-84.67197418212889,9.69788950820224 
-84.67060089111328,9.702288894614394 
-84.6657943725586,9.7080418512357 
-84.66167449951172,9.70736503793765 
-84.65721130371094,9.71514830826971 
-84.65583801269531,9.720224256626262 
-84.65171813964844,9.722593006167342 
-84.64588165283203,9.732067836501312 
-84.64313507080078,9.731391071814581 
-84.64176177978516,9.735113260624033 
-84.63455200195312,9.738158656975552 
-84.63249206542969,9.739173782919886 
-84.63214874267578,9.741204025547482 
-84.63214874267578,9.74526447374963 
-84.62940216064453,9.75304686131623 
-84.62699890136719,9.756092093956724 
-84.6273422241211,9.759137298768483 
-84.62974548339844,9.766242668392806 
-84.6335220336914,9.773347886353651 
-84.6383285522461,9.77842294912601 
-84.64107513427733,9.782144612590105 
-84.64210510253906,9.784851250750604 
-84.6438217163086,9.790941105980911 
-84.64794158935547,9.798045795905661 
-84.65034484863281,9.805826948400247 
-84.65412139892578,9.810901514683835 
-84.6609878540039,9.817329187067783 
-84.66957092285156,9.829845875138751 
-84.67472076416016,9.83492007320997 
-84.67506408691406,9.838979375579344 
-84.67987060546874,9.843715165303179 
-84.68467712402344,9.849127413247428 
-84.68742370605467,9.85149524381554 
-84.69257354736328,9.854877829434573 
-84.70012664794922,9.856230853969455 
-84.70355987548827,9.857922126831577 
-84.69841003417969,9.859951642814687 
-84.69841003417969,9.86265764468876 
-84.69841003417969,9.865363624344024 
-84.70321655273436,9.871451997300548 
-84.70527648925781,9.87449614156584 
-84.715576171875,9.882613721946726 
-84.72278594970703,9.884643085742216 
-84.72415924072266,9.889378219219786 
-84.72793579101562,9.891069321787148 
-84.72999572753906,9.894113284475285 
-84.72896575927734,9.897495432157525 
-84.72896575927734,9.901215754373554 
-84.72553253173828,9.900539335288261 
-84.72244262695312,9.90392141677499 
-84.72278594970703,9.908318070595806 
-84.72621917724608,9.913729255933072 
-84.72175598144531,9.913729255933072 
-84.71488952636719,9.913729255933072 
-84.71351623535156,9.91474384324173 
-84.71214294433594,9.920154922509878 
-84.71488952636719,9.925565912405506 
-84.71832275390624,9.928947735684984 
-84.72347259521484,9.932329524023626 
-84.72518920898438,9.937402140992512 
-84.73136901855469,9.9404456734094 
-84.73583221435547,9.942812845700995 
-84.73514556884766,9.947208977327033 
-84.73995208740234,9.949914259696394 
-84.73995208740234,9.956677367574446 
-84.73548889160156,9.960397017179432 
-84.73892211914062,9.964116624377533 
-84.74578857421875,9.971217574851819 
-84.7540283203125,9.974260791984173 
-84.76432800292969,9.97628958761404 
-84.77943420410156,9.982375898676327 
-84.78492736816406,9.982037773268658 
-84.79728698730469,9.98372839679474 
-84.80827331542969,9.98744773763939 
-84.81273651123045,9.984742766695364 
-84.82131958007812,9.986095254978078 
-84.82681274414062,9.9871096175011 
-84.83264923095703,9.985757133434364 
-84.83882904052734,9.989814568767976 
-84.84294891357422,9.994210066599335 
-84.85015869140625,9.996576848512728 
-84.85702514648438,9.998267396471757 
-84.85874176025389,10.000296042414798 
-84.86492156982422,10.00300088396999 
-84.8690414428711,10.005029500356594 
-84.8752212524414,10.010439082099614 
-84.87487792968749,10.00672000433284 
-84.87968444824219,10.009424792388483 
-84.88517761230469,10.01246765201325 
-84.8855209350586,10.015172392172945 
-84.8917007446289,10.018891373074043 
-84.89273071289062,10.02058180484133 
-84.89856719970703,10.0236245598139 
-84.90028381347656,10.027005365174599 
-84.90886688232422,10.029371907941055 
-84.91539001464844,10.032752653332944 
-84.9191665649414,10.036809501217851 
-84.92225646972656,10.04019016895413 
-84.92431640625,10.037485637589873 
-84.92809295654297,10.0381617725496 
-84.93049621582031,10.043232739721722 
-84.93598937988281,10.048979739759966 
-84.9407958984375,10.056416882285092 
-84.94697570800781,10.061149520219372 
-84.9514389038086,10.060135389356962 
-84.95418548583984,10.060135389356962 
-84.95796203613281,10.062163647896991 
-84.9627685546875,10.063177772389462 
-84.96620178222656,10.066558164356715 
-84.96208190917969,10.068924417668397 
-84.957275390625,10.06960048685615 
-84.95864868164062,10.072642780669105 
-84.96036529541014,10.077037154404719 
-84.9631118774414,10.081769489906035 
-84.96414184570312,10.087177788238842 
-84.97203826904297,10.090895940665597 
-84.97650146484375,10.092247985448152 
-84.98302459716797,10.092924005709978 
-84.99263763427734,10.097318102801061 
-85.00225067138672,10.102726139914633 
-85.00499725341797,10.11185199628505 
-85.01495361328124,10.11861172278358 
-85.01907348632812,10.125371306959833 
-85.0290298461914,10.132806685062734 
-85.0393295288086,10.13652430945623 
-85.04791259765625,10.139903930573206 
-85.05889892578125,10.134158553467325 
-85.06473541259766,10.135510416170643 
-85.07915496826172,10.135510416170643 
-85.07881164550781,10.142945559096104 
-85.07675170898438,10.146325112463996 
-85.08739471435547,10.153760004285136 
-85.09563446044922,10.158491209126678 
-85.20034790039062,10.135510416170643 
-85.20927429199219,10.106444112675378 
-85.16876220703125,10.058783209920076 
-85.13374328613281,10.04390886267334 
-85.16258239746094,10.017539021316155 
-85.15605926513672,10.01246765201325 
-85.15228271484375,10.01077717796568 
-85.14541625976562,10.00435329630218 
-85.13614654541016,9.99353384003084 
-85.13099670410156,9.990490803070292 
-85.12619018554688,9.99150515188759 
-85.12447357177733,9.990490803070292 
-85.11966705322266,9.992519497541217 
-85.11589050292967,9.98643337617043 
-85.11451721191406,9.982375898676327 
-85.10902404785155,9.97628958761404 
-85.10353088378906,9.975951455886507 
-85.09357452392578,9.972908254545352 
-85.08808135986328,9.973246389431429 
-85.08258819580078,9.977303980690538 
-85.07469177246094,9.976965850016063 
-85.05615234375,9.976627718990555 
-85.04997253417969,9.974260791984173 
-85.0448226928711,9.969188747642148 
-85.04241943359375,9.966821766604467 
-85.03829956054686,9.963778480021366 
-85.03280639648438,9.960735165040939 
-85.02456665039062,9.959044422228851 
-85.02079010009766,9.956677367574446 
-85.02147674560547,9.9505905767878 
-85.01907348632812,9.947208977327033 
-85.01392364501953,9.943489177492735 
-85.00877380371094,9.940107504539883 
-85.00602722167969,9.937740312659988 
-85.0008773803711,9.9384166549458 
-84.99881744384766,9.939769335320594 
-84.99401092529297,9.937063968975368 
-84.98680114746094,9.938754825564125 
-84.98336791992186,9.939092995832704 
-84.979248046875,9.938078483977755 
-84.97512817382812,9.940107504539883 
-84.97238159179688,9.938754825564125 
-84.96929168701172,9.941122010099 
-84.96688842773438,9.9384166549458 
-84.9624252319336,9.939769335320594 
-84.95796203613281,9.941798345389335 
-84.95521545410156,9.938754825564125 
-84.94388580322266,9.93334405371005 
-84.93392944335938,9.931314991191506 
-84.93392944335938,9.926580463057446 
-84.92912292480467,9.924213173312825 
-84.92328643798828,9.925904096305459 
-84.91950988769531,9.918463969836957 
-84.91950988769531,9.914405647821084 
-84.91573333740234,9.90662705686836 
-84.91641998291016,9.90290679598836 
-84.92706298828125,9.900877545005146 
-84.93289947509766,9.895804362670019 
-84.93461608886719,9.890392881804503 
-84.93907928466797,9.882613721946726 
-84.93255615234375,9.878216724101124 
-84.92740631103516,9.872466715183243 
-84.92156982421874,9.86942255215386 
-84.92156982421874,9.864010637294104 
-84.9191665649414,9.860628145365903 
-84.91573333740234,9.86096639612086 
-84.90715026855469,9.856569109235826 
-84.90886688232422,9.854201315085637 
-84.91264343261719,9.853863057390837 
-84.92019653320312,9.852510023143076 
-84.92191314697264,9.850142199857112 
-84.92603302001953,9.847436095297217 
-84.92809295654297,9.844053433399143 
-84.93221282958984,9.843376896860674 
-84.93736267089842,9.838979375579344 
-84.9411392211914,9.83694973062806 
-84.93839263916016,9.831537283149233 
-84.93255615234375,9.832890403327566 
-84.93427276611328,9.837626280330477 
-84.92740631103516,9.835934903477208 
-84.92225646972656,9.828831026179675 
-84.92191314697264,9.821726996284982 
-84.91504669189453,9.825448173826132 
-84.90852355957031,9.82713960432751 
-84.89925384521484,9.829845875138751 
-84.89410400390625,9.833905239826654 
-84.88826751708984,9.833566961339818 
-84.87762451171875,9.831537283149233 
-84.87316131591797,9.831199002239321 
-84.86663818359374,9.827816174106363 
-84.8642349243164,9.828831026179675 
-84.87041473388672,9.82308015659628 
-84.87247467041016,9.823418445809562 
-84.88037109375,9.818344071303358 
-84.88037109375,9.817667482158615 
-84.87831115722656,9.814622813899064 
-84.8855209350586,9.811916418615478 
-84.89341735839844,9.815637706429234 
-84.89822387695311,9.809210001222878 
-84.90097045898438,9.808533393420875 
-84.89822387695311,9.81665259584919 
-84.90680694580078,9.815637706429234 
-84.91367340087889,9.812931319438029 
-84.91230010986328,9.810224910335634 
-84.90680694580078,9.807518479127875 
-84.90165710449219,9.802782171340905 
-84.90165710449219,9.796692533360496 
-84.91470336914062,9.797030849514222 
-84.92191314697264,9.792632712613862 
-84.92328643798828,9.785527906845564 
-84.91641998291016,9.786204561562302 
-84.93049621582031,9.775716258619257 
-84.9298095703125,9.76725770881807 
-84.9356460571289,9.75778387784387 
-84.93942260742188,9.760152360853464 
-84.94422912597656,9.7604907141944 
-84.9466323852539,9.75778387784387 
-84.9521255493164,9.75846058899347 
-84.95452880859375,9.75744552175365 
-84.95418548583984,9.755077019501561 
-84.95521545410156,9.74966323686496 
-84.95555877685547,9.744249366331491 
-84.95109558105469,9.741204025547482 
-84.9528121948242,9.735113260624033 
-84.9517822265625,9.73274459981702 
-84.95555877685547,9.728345613760593 
-84.96070861816405,9.728345613760593 
-84.96482849121094,9.729699154100238 
-84.96894836425781,9.73105268895713 
-84.97547149658203,9.73105268895713 
-84.97684478759766,9.737820280974843 
-84.97753143310547,9.740188905777304 
-84.98371124267577,9.741880770345658 
-84.98886108398438,9.744926104953436 
-84.99401092529297,9.746956312582398 
-85.00362396240234,9.743910996505777 
-85.01083374023438,9.740188905777304 
-85.01426696777344,9.733082980960724 
-85.0177001953125,9.723946569800441 
-85.01529693603514,9.714133109358349 
-85.01220703125,9.712779506019892 
-85.00534057617188,9.712779506019892 
-85.001220703125,9.71244110433002 
-84.99778747558594,9.70601140723865 
-84.9960708618164,9.704996180624722 
-85.00019073486328,9.698227924591516 
-85.00362396240234,9.694505325523636 
-85.00602722167969,9.689767412407567 
-85.01289367675781,9.688413710656972 
-85.02696990966797,9.684352572645897 
-85.04035949707031,9.681645120013103 
-85.0396728515625,9.67487639295163 
-85.04207611083984,9.670815091272441 
-85.05546569824219,9.666753740535768 
-85.05786895751953,9.662353888567326 
-85.06542205810547,9.655584773218928 
-85.06851196289062,9.651523238693086 
-85.07400512695312,9.640353766339238 
-85.07469177246094,9.633245727691211 
-85.07881164550781,9.627491491534169 
-85.07743835449217,9.616998220327963 
-85.07949829101562,9.610228195100236 
-85.08430480957031,9.603796545672397 
-85.0839614868164,9.598718841405699 
-85.09254455566405,9.58382380334037 
-85.09254455566405,9.57129792429572 
-85.09872436523438,9.568928111432948 
-85.10627746582031,9.568928111432948 
-85.11039733886719,9.563511334275324 
-85.1107406616211,9.56046435920423 
-85.11554718017578,9.56046435920423 
-85.11417388916016,9.56418843613955 
-85.11726379394531,9.56926665713939 
-85.12584686279297,9.576376039055797 
-85.12962341308594,9.57332917930911 
-85.13648986816406,9.575021882542638 
-85.13717651367188,9.578745799960558 
-85.14026641845703,9.580777010428678 
-85.14232635498047,9.585516454249142 
-85.14198303222656,9.594656623196665 
-85.1443862915039,9.603796545672397 
-85.14575958251953,9.618013712423924 
-85.14884948730469,9.62512207167862 
-85.16395568847656,9.638661389766769 
-85.17082214355467,9.645430845104185 
-85.18077850341797,9.655584773218928 
-85.19107818603516,9.666415292427265 
-85.20034790039062,9.676230149272921 
-85.20515441894531,9.685706290775407 
-85.20618438720703,9.6924747995247 
-85.21064758300781,9.699581586732473 
-85.21614074707031,9.708380257371822 
-85.2206039428711,9.721239437055344 
-85.22987365722656,9.729360769529295 
-85.23193359375,9.733082980960724 
-85.22026062011719,9.745602842202617 
-85.20790100097656,9.75846058899347 
-85.19519805908203,9.78417459327747 
-85.198974609375,9.810224910335634 
-85.1941680908203,9.826463033164785 
-85.17906188964842,9.855554342395859 
-85.20069122314453,9.858260380363005 
-85.22197723388672,9.900539335288261 
-85.24875640869139,9.908994473645887 
-85.28068542480469,9.914405647821084 
-85.28823852539061,9.91474384324173 
-85.29888153076172,9.922860428632177 
-85.29922485351562,9.937063968975368 
-85.28205871582031,9.954310295753137 
-85.26042938232422,9.956001063091334 
-85.24772644042969,9.960058868967478 
-85.2329635620117,9.963778480021366 
-85.2264404296875,9.963102190257288 
-85.2206039428711,9.969188747642148 
-85.20000457763672,9.968512469099332 
-85.19004821777344,9.97087943786057 
-85.177001953125,9.983390272791974 
-85.16944885253906,10.009762889311002 
-85.15846252441406,10.019905633191842 
-85.13442993164062,10.042218552644838 
-85.16841888427734,10.061487563132472 
-85.20755767822266,10.10543012436838 
-85.20206451416014,10.134158553467325 
-85.09803771972656,10.157815327005807 
-85.05718231201172,10.166263750813554 
-85.04825592041016,10.164912018010947 
-85.01392364501953,10.149366679994223 
-84.99366760253906,10.140579850518696 
-84.97512817382812,10.132806685062734 
-84.9517822265625,10.12097759343909 
-84.93873596191406,10.12063961298445 
-84.92706298828125,10.143959428851565 
-84.93152618408203,10.163222343967035 
-84.90989685058594,10.18417367029881 
-84.88929748535156,10.188904424588001 
-84.89582061767578,10.223031355670871 
-84.87762451171875,10.269992126333493 
-84.87075805664062,10.30613703610857 
-84.85427856445312,10.326741158121093 
-84.83711242675781,10.336873837808618 
-84.8147964477539,10.330794269196529 
-84.79591369628906,10.315594833337784 
-84.77806091308594,10.288909604705944 
-84.74475860595703,10.267289536986064 
-84.72278594970703,10.2750594191 
-84.7104263305664,10.282829110207365 
-84.69703674316406,10.28789619708897 
-84.68433380126953,10.282829110207365 
-84.66854095458984,10.26458692454683 
-84.65927124023438,10.25681678520799 
-84.6561813354492,10.239248810981232 
-84.66442108154295,10.219652614902996 
-84.67163085937499,10.210529835437768 
-84.68021392822264,10.190931869223402 
-84.66991424560547,10.18180826683826 
-84.67025756835938,10.121991532667687 
-84.64656829833984,10.082783552758835 
-84.6335220336914,10.07669912778195 
-84.62459564208984,10.04390886267334 
-84.5950698852539,10.04424692361922 
-84.57103729248045,10.042894677716006 
-84.5566177368164,10.026667286225559 
-84.55558776855469,10.00672000433284 
-84.56039428710938,9.990152686094872 
-84.58202362060547,9.982714023732761 
-84.6112060546875,9.949576100625507 
-84.64347839355469,9.94788530001975 
-84.65206146240234,9.937063968975368 
-84.66270446777344,9.914405647821084 
-84.6712875366211,9.912376467970391 
-84.67437744140625,9.909670875301039 
-84.68021392822264,9.90527423961053 
-84.6829605102539,9.900539335288261 
-84.6829605102539,9.892422197574778 
-84.6826171875,9.883628405409915 
-84.67952728271483,9.870775516974719 
-84.66854095458984,9.870437276290632 
-84.65721130371094,9.86671660583777 
-84.64588165283203,9.865363624344024 
-84.6390151977539,9.86570187023838 
-84.627685546875,9.86671660583777 
-84.62013244628906,9.86570187023838 
-84.60262298583984,9.86333414168581 
-84.60090637207031,9.847436095297217 
-84.59403991699217,9.841347278929232 
-84.58133697509766,9.833566961339818 
-84.57653045654297,9.830184157433019 
-84.58580017089842,9.8196972454447 
-84.58648681640624,9.804473717603646 
-84.56897735595703,9.805488641218941 
-84.56073760986328,9.783159604483957 
-84.54803466796875,9.783497934426292 
-84.54082489013672,9.773686226281272 
-84.56005096435547,9.756430451421327 
-84.5833969116211,9.758122233590491 
-84.59095001220703,9.754738660662769 
-84.59335327148438,9.724961738929316 
-84.5840835571289,9.698904756345266 
-84.58648681640624,9.676568587501132 
-84.58236694335938,9.662692340761403 
-84.5676040649414,9.648815521806094 
-84.55833435058594,9.636630526673539 
-84.55833435058594,9.622075650304796 
-84.5559310913086,9.611582210984686 
-84.55284118652344,9.604812077390028 
-84.54288482666016,9.589240256521263 
-84.53361511230469,9.58246967653419 
-84.52159881591797,9.579422871466951 
-84.51301574707031,9.577730190169342 
-84.49413299560547,9.578745799960558 
-84.4793701171875,9.578745799960558 
-84.46701049804688,9.580099941623008 
-84.45293426513672,9.58246967653419 
-84.44915771484375,9.58382380334037 
-84.44229125976562,9.570620836592695 
-84.43267822265625,9.562157126502512 
-84.41207885742188,9.584500864717143 
-84.39628601074219,9.60887417379781 
-84.4028091430664,9.629522409609928 
-84.39594268798828,9.64170766148369 
-84.37294006347656,9.637984436760592 
-84.3255615234375,9.640353766339238 
-84.30599212646483,9.653215550697064 
-84.28264617919922,9.637984436760592 
-84.254150390625,9.629522409609928 
-84.22496795654297,9.631214832009686 
-84.2047119140625,9.618690705460143 
-84.1720962524414,9.630876348208362 
-84.15115356445312,9.629522409609928 
-84.14154052734374,9.62512207167862 
-84.13673400878906,9.612597719342022 
-84.14051055908203,9.580099941623008 
-84.12952423095703,9.56418843613955 
-84.1168212890625,9.560125804733719 
-84.09862518310547,9.567912472290326 
-84.07527923583984,9.55877158348253 
-84.07768249511719,9.527961595300471 
-84.07630920410156,9.50392110127558 
-84.05879974365234,9.497148826084274 
-84.0450668334961,9.474460728980981 
-84.0073013305664,9.451771132475995 
-84.0066146850586,9.44364315173256 
-83.99734497070312,9.428063986028246 
-83.98292541503906,9.432128184075292 
-83.9743423461914,9.409097095829392 
-83.95408630371094,9.391822772611263 
-83.93486022949219,9.396226113340123 
-83.9303970336914,9.40537133435266 
-83.92112731933594,9.412822817158808 
-83.90636444091797,9.4101132056287 
-83.90121459960938,9.394193809191496 
-83.8974380493164,9.382338464037366 
-83.89057159423828,9.368450258514065 
-83.88404846191406,9.36065907071625 
-83.87580871582031,9.351851430733825 
-83.86516571044922,9.345414937416573 
-83.85589599609375,9.345414937416573 
-83.84353637695312,9.340333411264153 
-83.85349273681639,9.316279848963172 
-83.85040283203125,9.267828917506309 
-83.82671356201172,9.246481278408213 
-83.82156372070312,9.243431509903004 
-83.78860473632812,9.226487870686679 
-83.76216888427734,9.222421276103358 
-83.74122619628906,9.24953102048603 
-83.70792388916016,9.225810108178077 
-83.68766784667969,9.193614890649586 
-83.67633819580078,9.169551289151919 
-83.66329193115234,9.148197713142977 
-83.63616943359375,9.139045788056714 
-83.6224365234375,9.13192746149682 
-83.60527038574219,9.108876667243708 
-83.59325408935547,9.103452734715871 
-83.5733413696289,9.095655687575798 
-83.56029510498047,9.090909575701758 
-83.54690551757812,9.080061083812623 
-83.5293960571289,9.081756182319895 
-83.51463317871094,9.086163400919146 
-83.50639343261719,9.092604622880081 
-83.49746704101562,9.098367723246952 
-83.49300384521484,9.111249611840666 
-83.4909439086914,9.113961529223301 
-83.4902572631836,9.137689927296265 
-83.4744644165039,9.149892488258407 
-83.46759796142578,9.172262762504783 
-83.4689712524414,9.18073598316442 
-83.47480773925781,9.19497053787777 
-83.49678039550781,9.195309448873566 
-83.51016998291014,9.201409791293608 
-83.51978302001953,9.208187826138118 
-83.51978302001953,9.213949053559642 
-83.51428985595703,9.221743505782705 
-83.50811004638672,9.23055441838599 
-83.50570678710938,9.252919591789372 
-83.50776672363281,9.258680088070887 
-83.49781036376953,9.272911497538322 
-83.48751068115234,9.279010496405567 
-83.47892761230467,9.290191718796999 
-83.46691131591797,9.30916509739132 
-83.46347808837889,9.320006565762172 
-83.45317840576172,9.328476228699701 
-83.4476852416992,9.335590586641068 
-83.44459533691406,9.343043567772751 
-83.43498229980469,9.358626558214219 
-83.42571258544922,9.369466487517562 
-83.4078598022461,9.363030320279973 
-83.39824676513672,9.35219019024218 
-83.39515686035156,9.341349722426147 
-83.38554382324217,9.349480104940133 
-83.37181091308594,9.356594033829278 
-83.36082458496094,9.35727154327776 
-83.35052490234375,9.354900254433092 
-83.34537506103516,9.361675322510406 
-83.34331512451172,9.376580007251476 
-83.33953857421875,9.38301592325583 
-83.32511901855469,9.390467887278579 
-83.30451965332031,9.380306078441043 
-83.29490661621094,9.368789001845661 
-83.27705383300781,9.356594033829278 
-83.26950073242188,9.35456149756395 
-83.25920104980469,9.353883982835837 
-83.2540512084961,9.35219019024218 
-83.24821472167969,9.347447527112957 
-83.24134826660156,9.34168849215449 
-83.23654174804688,9.333557927757239 
-83.2320785522461,9.32678231255918 
-83.21388244628905,9.324072029627096 
-83.20804595947266,9.326443528344035 
-83.20083618164062,9.328476228699701 
-83.18950653076172,9.33050891720938 
-83.17955017089844,9.33050891720938 
-83.1719970703125,9.32339445560478 
-83.16581726074219,9.317973816075058 
-83.15826416015625,9.308826296084192 
-83.14659118652344,9.294257529377102 
-83.14281463623047,9.287819974161797 
-83.10985565185547,9.274605674526043 
-83.0789566040039,9.259696636439452 
-83.06694030761719,9.253936156814463 
-83.06385040283203,9.233604298380849 
-83.06453704833984,9.222760160775522 
-83.05286407470703,9.197681816756917 
-83.05595397949219,9.181413832070918 
-83.05423736572266,9.174296353922841 
-83.03604125976562,9.172262762504783 
-83.01200866699219,9.166839795085858 
-83.00067901611328,9.16378933951019 
-82.98797607421874,9.158027296392227 
-82.98625946044922,9.143452299876603 
-82.98385620117188,9.131249518217984 
-82.98179626464844,9.118029366685613 
-82.97904968261719,9.099723733373704 
-82.9684066772461,9.078365977290556 
-82.95433044433594,9.069551294233216 
-82.93609142303467,9.078238843978351 
